0.0075		0.001007127
0.015		0.00126779
0.0225		0.000907715
0.03		0.000816
0.0375		0.000894621
0.045		0.001151336
0.0525		0.001755578
0.06		0.003451834
0.0675		0.008180109
0.075		0.017960589
0.0825		0.033735794
0.09		0.055573525
0.0975		0.083269271
0.105		0.115896614
0.1125		0.153421007
0.12		0.195821271
0.1275		0.242204495
0.135		0.291727651
0.1425		0.345090287
0.15		0.401554564
0.1575		0.459189677
0.165		0.51577023
0.1725		0.569689285
0.18		0.619943287
0.1875		0.665747167
0.195		0.707661246
0.2025		0.74529119
0.21		0.778897573
0.2175		0.808923933
0.225		0.83577314
0.2325		0.859387064
0.24		0.880110539
0.2475		0.8982622
0.255		0.913731951
0.2625		0.927201128
0.27		0.9390677
0.2775		0.949153655
0.285		0.957737199
0.2925		0.964726442
0.3		0.970448365
0.3075		0.975776011
0.315		0.980020991
0.3225		0.983362688
0.33		0.985741066
0.3375		0.987528511
0.345		0.989426318
0.3525		0.990874128
0.36		0.992049449
0.3675		0.993216423
0.375		0.994660033
0.3825		0.995539238
0.39		0.996714878
0.3975		0.998089876
0.405		0.998095765
0.4125		0.998304088
0.42		0.998785594
0.4275		0.999025014
0.435		0.999450765
0.4425		0.999283175
0.45		0.999551508
0.4575		0.998911848
0.465		1
0.4725		1
0.48		1
0.4875		1
0.495		1
0.5025		1
0.51		1
0.5175		1
0.525		1
0.5325		1
0.54		1
0.5475		1
0.555		1
0.5625		1
0.57		1
0.5775		1
0.585		1
0.5925		1
0.6		1
0.6075		1
0.615		1
0.6225		1
0.63		1
0.6375		1
0.645		1
0.6525		1
0.66		1
0.6675		1
0.675		1
0.6825		1
0.69		1
0.6975		1
0.705		1
0.7125		1
0.72		1
0.7275		1
0.735		1
0.7425		1
0.75		1
0.7575		1
0.765		1
0.7725		1
0.78		1
0.7875		1
0.795		1
0.8025		1
0.81		1
0.8175		1
0.825		1
0.8325		1
0.84		1
0.8475		1
0.855		1
0.8625		1
0.87		1
0.8775		1
0.885		1
0.8925		1
0.9		1
0.9075		1
0.915		1
0.9225		1
0.93		1
0.9375		1
0.945		1
0.9525		1
0.96		1
0.9675		1
0.975		1
0.9825		1
0.99		1
0.9975		1
1.005		1
1.0125		1
1.02		1
1.0275		1
1.035		1
1.0425		1
1.05		1
1.0575		1
1.065		1
1.0725		1
1.08		1
1.0875		1
1.095		1
1.1025		1
1.11		1
1.1175		1
1.125		1
1.1325		1
1.14		1
1.1475		1
1.155		1
1.1625		1
1.17		1
1.1775		1
1.185		1
1.1925		1
1.2		1
1.2075		1
1.215		1
1.2225		1
1.23		1
1.2375		1
1.245		1
1.2525		1
1.26		1
1.2675		1
1.275		1
1.2825		1
1.29		1
1.2975		1
1.305		1
1.3125		1
1.32		1
1.3275		1
1.335		1
1.3425		1
1.35		1
1.3575		1
1.365		1
1.3725		1
1.38		1
1.3875		1
1.395		1
1.4025		1
1.41		1
1.4175		1
1.425		1
1.4325		1
1.44		1
1.4475		1
1.455		1
1.4625		1
1.47		1
1.4775		1
1.485		1
1.4925		1
1.5		1
1.5075		1
1.515		1
1.5225		1
1.53		1
1.5375		1
1.545		1
1.5525		1
1.56		1
1.5675		1
1.575		1
1.5825		1
1.59		1
1.5975		1
1.605		1
1.6125		1
1.62		1
1.6275		1
1.635		1
1.6425		1
1.65		1
1.6575		1
1.665		1
1.6725		1
1.68		1
1.6875		1
1.695		1
1.7025		1
1.71		1
1.7175		1
1.725		1
1.7325		1
1.74		1
1.7475		1
1.755		1
1.7625		1
1.77		1
1.7775		1
1.785		1
1.7925		1
1.8		1
1.8075		1
1.815		1
1.8225		1
1.83		1
1.8375		1
1.845		1
1.8525		1
1.86		1
1.8675		1
1.875		1
1.8825		1
1.89		1
1.8975		1
1.905		1
1.9125		1
1.92		1
1.9275		1
1.935		1
1.9425		1
1.95		1
1.9575		1
1.965		1
1.9725		1
1.98		1
1.9875		1
1.995		1
2.0025		1
2.01		1
2.0175		1
2.025		1
2.0325		1
2.04		1
2.0475		1
2.055		1
2.0625		1
2.07		1
2.0775		1
2.085		1
2.0925		1
2.1		1
2.1075		1
2.115		1
2.1225		1
2.13		1
2.1375		1
2.145		1
2.1525		1
2.16		1
2.1675		1
2.175		1
2.1825		1
2.19		1
2.1975		1
2.205		1
2.2125		1
2.22		1
2.2275		1
2.235		1
2.2425		1
2.25		1
2.2575		1
2.265		1
2.2725		1
2.28		1
2.2875		1
2.295		1
2.3025		1
2.31		1
2.3175		1
2.325		1
2.3325		1
2.34		1
2.3475		1
2.355		1
2.3625		1
2.37		1
2.3775		1
2.385		1
2.3925		1
2.4		1
2.4075		1
2.415		1
2.4225		1
2.43		1
2.4375		1
2.445		1
2.4525		1
2.46		1
2.4675		1
2.475		1
2.4825		1
2.49		1
2.4975		1
2.505		1
2.5125		1
2.52		1
2.5275		1
2.535		1
2.5425		1
2.55		1
2.5575		1
2.565		1
2.5725		1
2.58		1
2.5875		1
2.595		1
2.6025		1
2.61		1
2.6175		1
2.625		1
2.6325		1
2.64		1
2.6475		1
2.655		1
2.6625		1
2.67		1
2.6775		1
2.685		1
2.6925		1
2.7		1
2.7075		1
2.715		1
2.7225		1
2.73		1
2.7375		1
2.745		1
2.7525		1
2.76		1
2.7675		1
2.775		1
2.7825		1
2.79		1
2.7975		1
2.805		1
2.8125		1
2.82		1
2.8275		1
2.835		1
2.8425		1
2.85		1
2.8575		1
2.865		1
2.8725		1
2.88		1
2.8875		1
2.895		1
2.9025		1
2.91		1
2.9175		1
2.925		1
2.9325		1
2.94		1
2.9475		1
2.955		1
2.9625		1
2.97		1
2.9775		1
2.985		1
2.9925		1
3		1
3.0075		1
3.015		1
3.0225		1
3.03		1
3.0375		1
3.045		1
3.0525		1
3.06		1
3.0675		1
3.075		1
3.0825		1
3.09		1
3.0975		1
3.105		1
3.1125		1
3.12		1
3.1275		1
3.135		1
3.1425		1
3.15		1
3.1575		1
3.165		1
3.1725		1
3.18		1
3.1875		1
3.195		1
3.2025		1
3.21		1
3.2175		1
3.225		1
3.2325		1
3.24		1
3.2475		1
3.255		1
3.2625		1
3.27		1
3.2775		1
3.285		1
3.2925		1
3.3		1
3.3075		1
3.315		1
3.3225		1
3.33		1
3.3375		1
3.345		1
3.3525		1
3.36		1
3.3675		1
3.375		1
3.3825		1
3.39		1
3.3975		1
3.405		1
3.4125		1
3.42		1
3.4275		1
3.435		1
3.4425		1
3.45		1
3.4575		1
3.465		1
3.4725		1
3.48		1
3.4875		1
3.495		1
3.5025		1
3.51		1
3.5175		1
3.525		1
3.5325		1
3.54		1
3.5475		1
3.555		1
3.5625		1
3.57		1
3.5775		1
3.585		1
3.5925		1
3.6		1
3.6075		1
3.615		1
3.6225		1
3.63		1
3.6375		1
3.645		1
3.6525		1
3.66		1
3.6675		1
3.675		1
3.6825		1
3.69		1
3.6975		1
3.705		1
3.7125		1
3.72		1
3.7275		1
3.735		1
3.7425		1
3.75		1
3.7575		1
3.765		1
3.7725		1
3.78		1
3.7875		1
3.795		1
3.8025		1
3.81		1
3.8175		1
3.825		1
3.8325		1
3.84		1
3.8475		1
3.855		1
3.8625		1
3.87		1
3.8775		1
3.885		1
3.8925		1
3.9		1
3.9075		1
3.915		1
3.9225		1
3.93		1
3.9375		1
3.945		1
3.9525		1
3.96		1
3.9675		1
3.975		1
3.9825		1
3.99		1
3.9975		1
4.005		1
4.0125		1
4.02		1
4.0275		1
4.035		1
4.0425		1
4.05		1
4.0575		1
4.065		1
4.0725		1
4.08		1
4.0875		1
4.095		1
4.1025		1
4.11		1
4.1175		1
4.125		1
4.1325		1
4.14		1
4.1475		1
4.155		1
4.1625		1
4.17		1
4.1775		1
4.185		1
4.1925		1
4.2		1
4.2075		1
4.215		1
4.2225		1
4.23		1
4.2375		1
4.245		1
4.2525		1
4.26		1
4.2675		1
4.275		1
4.2825		1
4.29		1
4.2975		1
4.305		1
4.3125		1
4.32		1
4.3275		1
4.335		1
4.3425		1
4.35		1
4.3575		1
4.365		1
4.3725		1
4.38		1
4.3875		1
4.395		1
4.4025		1
4.41		1
4.4175		1
4.425		1
4.4325		1
4.44		1
4.4475		1
4.455		1
4.4625		1
4.47		1
4.4775		1
4.485		1
4.4925		1
4.5		1
4.5075		1
4.515		1
4.5225		1
4.53		1
4.5375		1
4.545		1
4.5525		1
4.56		1
4.5675		1
4.575		1
4.5825		1
4.59		1
4.5975		1
4.605		1
4.6125		1
4.62		1
4.6275		1
4.635		1
4.6425		1
4.65		1
4.6575		1
4.665		1
4.6725		1
4.68		1
4.6875		1
4.695		1
4.7025		1
4.71		1
4.7175		1
4.725		1
4.7325		1
4.74		1
4.7475		1
4.755		1
4.7625		1
4.77		1
4.7775		1
4.785		1
4.7925		1
4.8		1
4.8075		1
4.815		1
4.8225		1
4.83		1
4.8375		1
4.845		1
4.8525		1
4.86		1
4.8675		1
4.875		1
4.8825		1
4.89		1
4.8975		1
4.905		1
4.9125		1
4.92		1
4.9275		1
4.935		1
4.9425		1
4.95		1
4.9575		1
4.965		1
4.9725		1
4.98		1
4.9875		1
4.995		1
5.0025		1
5.01		1
5.0175		1
5.025		1
5.0325		1
5.04		1
5.0475		1
5.055		1
5.0625		1
5.07		1
5.0775		1
5.085		1
5.0925		1
5.1		1
5.1075		1
5.115		1
5.1225		1
5.13		1
5.1375		1
5.145		1
5.1525		1
5.16		1
5.1675		1
5.175		1
5.1825		1
5.19		1
5.1975		1
5.205		1
5.2125		1
5.22		1
5.2275		1
5.235		1
5.2425		1
5.25		1
5.2575		1
5.265		1
5.2725		1
5.28		1
5.2875		1
5.295		1
5.3025		1
5.31		1
5.3175		1
5.325		1
5.3325		1
5.34		1
5.3475		1
5.355		1
5.3625		1
5.37		1
5.3775		1
5.385		1
5.3925		1
5.4		1
5.4075		1
5.415		1
5.4225		1
5.43		1
5.4375		1
5.445		1
5.4525		1
5.46		1
5.4675		1
5.475		1
5.4825		1
5.49		1
5.4975		1
5.505		1
5.5125		1
5.52		1
5.5275		1
5.535		1
5.5425		1
5.55		1
5.5575		1
5.565		1
5.5725		1
5.58		1
5.5875		1
5.595		1
5.6025		1
5.61		1
5.6175		1
5.625		1
5.6325		1
5.64		1
5.6475		1
5.655		1
5.6625		1
5.67		1
5.6775		1
5.685		1
5.6925		1
5.7		1
5.7075		1
5.715		1
5.7225		1
5.73		1
5.7375		1
5.745		1
5.7525		1
5.76		1
5.7675		1
5.775		1
5.7825		1
5.79		1
5.7975		1
5.805		1
5.8125		1
5.82		1
5.8275		1
5.835		1
5.8425		1
5.85		1
5.8575		1
5.865		1
5.8725		1
5.88		1
5.8875		1
5.895		1
5.9025		1
5.91		1
5.9175		1
5.925		1
5.9325		1
5.94		1
5.9475		1
5.955		1
5.9625		1
5.97		1
5.9775		1
5.985		1
5.9925		1
6		1
6.0075		1
6.015		1
6.0225		1
6.03		1
6.0375		1
6.045		1
6.0525		1
6.06		1
6.0675		1
6.075		1
6.0825		1
6.09		1
6.0975		1
6.105		1
6.1125		1
6.12		1
6.1275		1
6.135		1
6.1425		1
6.15		1
6.1575		1
6.165		1
6.1725		1
6.18		1
6.1875		1
6.195		1
6.2025		1
6.21		1
6.2175		1
6.225		1
6.2325		1
6.24		1
6.2475		1
6.255		1
6.2625		1
6.27		1
6.2775		1
6.285		1
6.2925		1
6.3		1
6.3075		1
6.315		1
6.3225		1
6.33		1
6.3375		1
6.345		1
6.3525		1
6.36		1
6.3675		1
6.375		1
6.3825		1
6.39		1
6.3975		1
6.405		1
6.4125		1
6.42		1
6.4275		1
6.435		1
6.4425		1
6.45		1
6.4575		1
6.465		1
6.4725		1
6.48		1
6.4875		1
6.495		1
6.5025		1
6.51		1
6.5175		1
6.525		1
6.5325		1
6.54		1
6.5475		1
6.555		1
6.5625		1
6.57		1
6.5775		1
6.585		1
6.5925		1
6.6		1
6.6075		1
6.615		1
6.6225		1
6.63		1
6.6375		1
6.645		1
6.6525		1
6.66		1
6.6675		1
6.675		1
6.6825		1
6.69		1
6.6975		1
6.705		1
6.7125		1
6.72		1
6.7275		1
6.735		1
6.7425		1
6.75		1
6.7575		1
6.765		1
6.7725		1
6.78		1
6.7875		1
6.795		1
6.8025		1
6.81		1
6.8175		1
6.825		1
6.8325		1
6.84		1
6.8475		1
6.855		1
6.8625		1
6.87		1
6.8775		1
6.885		1
6.8925		1
6.9		1
6.9075		1
6.915		1
6.9225		1
6.93		1
6.9375		1
6.945		1
6.9525		1
6.96		1
6.9675		1
6.975		1
6.9825		1
6.99		1
6.9975		1
7.005		1
7.0125		1
7.02		1
7.0275		1
7.035		1
7.0425		1
7.05		1
7.0575		1
7.065		1
7.0725		1
7.08		1
7.0875		1
7.095		1
7.1025		1
7.11		1
7.1175		1
7.125		1
7.1325		1
7.14		1
7.1475		1
7.155		1
7.1625		1
7.17		1
7.1775		1
7.185		1
7.1925		1
7.2		1
7.2075		1
7.215		1
7.2225		1
7.23		1
7.2375		1
7.245		1
7.2525		1
7.26		1
7.2675		1
7.275		1
7.2825		1
7.29		1
7.2975		1
7.305		1
7.3125		1
7.32		1
7.3275		1
7.335		1
7.3425		1
7.35		1
7.3575		1
7.365		1
7.3725		1
7.38		1
7.3875		1
7.395		1
7.4025		1
7.41		1
7.4175		1
7.425		1
7.4325		1
7.44		1
7.4475		1
7.455		1
7.4625		1
7.47		1
7.4775		1
7.485		1
7.4925		1
7.5		1
7.5075		1
7.515		1
7.5225		1
7.53		1
7.5375		1
7.545		1
7.5525		1
7.56		1
7.5675		1
7.575		1
7.5825		1
7.59		1
7.5975		1
7.605		1
7.6125		1
7.62		1
7.6275		1
7.635		1
7.6425		1
7.65		1
7.6575		1
7.665		1
7.6725		1
7.68		1
7.6875		1
7.695		1
7.7025		1
7.71		1
7.7175		1
7.725		1
7.7325		1
7.74		1
7.7475		1
7.755		1
7.7625		1
7.77		1
7.7775		1
7.785		1
7.7925		1
7.8		1
7.8075		1
7.815		1
7.8225		1
7.83		1
7.8375		1
7.845		1
7.8525		1
7.86		1
7.8675		1
7.875		1
7.8825		1
7.89		1
7.8975		1
7.905		1
7.9125		1
7.92		1
7.9275		1
7.935		1
7.9425		1
7.95		1
7.9575		1
7.965		1
7.9725		1
7.98		1
7.9875		1
7.995		1
8.0025		1
8.01		1
8.0175		1
8.025		1
8.0325		1
8.04		1
8.0475		1
8.055		1
8.0625		1
8.07		1
8.0775		1
8.085		1
8.0925		1
8.1		1
8.1075		1
8.115		1
8.1225		1
8.13		1
8.1375		1
8.145		1
8.1525		1
8.16		1
8.1675		1
8.175		1
8.1825		1
8.19		1
8.1975		1
8.205		1
8.2125		1
8.22		1
8.2275		1
8.235		1
8.2425		1
8.25		1
8.2575		1
8.265		1
8.2725		1
8.28		1
8.2875		1
8.295		1
8.3025		1
8.31		1
8.3175		1
8.325		1
8.3325		1
8.34		1
8.3475		1
8.355		1
8.3625		1
8.37		1
8.3775		1
8.385		1
8.3925		1
8.4		1
8.4075		1
8.415		1
8.4225		1
8.43		1
8.4375		1
8.445		1
8.4525		1
8.46		1
8.4675		1
8.475		1
8.4825		1
8.49		1
8.4975		1
8.505		1
8.5125		1
8.52		1
8.5275		1
8.535		1
8.5425		1
8.55		1
8.5575		1
8.565		1
8.5725		1
8.58		1
8.5875		1
8.595		1
8.6025		1
8.61		1
8.6175		1
8.625		1
8.6325		1
8.64		1
8.6475		1
8.655		1
8.6625		1
8.67		1
8.6775		1
8.685		1
8.6925		1
8.7		1
8.7075		1
8.715		1
8.7225		1
8.73		1
8.7375		1
8.745		1
8.7525		1
8.76		1
8.7675		1
8.775		1
8.7825		1
8.79		1
8.7975		1
8.805		1
8.8125		1
8.82		1
8.8275		1
8.835		1
8.8425		1
8.85		1
8.8575		1
8.865		1
8.8725		1
8.88		1
8.8875		1
8.895		1
8.9025		1
8.91		1
8.9175		1
8.925		1
8.9325		1
8.94		1
8.9475		1
8.955		1
8.9625		1
8.97		1
8.9775		1
8.985		1
8.9925		1
9		1
9.0075		1
9.015		1
9.0225		1
9.03		1
9.0375		1
9.045		1
9.0525		1
9.06		1
9.0675		1
9.075		1
9.0825		1
9.09		1
9.0975		1
9.105		1
9.1125		1
9.12		1
9.1275		1
9.135		1
9.1425		1
9.15		1
9.1575		1
9.165		1
9.1725		1
9.18		1
9.1875		1
9.195		1
9.2025		1
9.21		1
9.2175		1
9.225		1
9.2325		1
9.24		1
9.2475		1
9.255		1
9.2625		1
9.27		1
9.2775		1
9.285		1
9.2925		1
9.3		1
9.3075		1
9.315		1
9.3225		1
9.33		1
9.3375		1
9.345		1
9.3525		1
9.36		1
9.3675		1
9.375		1
9.3825		1
9.39		1
9.3975		1
9.405		1
9.4125		1
9.42		1
9.4275		1
9.435		1
9.4425		1
9.45		1
9.4575		1
9.465		1
9.4725		1
9.48		1
9.4875		1
9.495		1
9.5025		1
9.51		1
9.5175		1
9.525		1
9.5325		1
9.54		1
9.5475		1
9.555		1
9.5625		1
9.57		1
9.5775		1
9.585		1
9.5925		1
9.6		1
9.6075		1
9.615		1
9.6225		1
9.63		1
9.6375		1
9.645		1
9.6525		1
9.66		1
9.6675		1
9.675		1
9.6825		1
9.69		1
9.6975		1
9.705		1
9.7125		1
9.72		1
9.7275		1
9.735		1
9.7425		1
9.75		1
9.7575		1
9.765		1
9.7725		1
9.78		1
9.7875		1
9.795		1
9.8025		1
9.81		1
9.8175		1
9.825		1
9.8325		1
9.84		1
9.8475		1
9.855		1
9.8625		1
9.87		1
9.8775		1
9.885		1
9.8925		1
9.9		1
9.9075		1
9.915		1
9.9225		1
9.93		1
9.9375		1
9.945		1
9.9525		1
9.96		1
9.9675		1
9.975		1
9.9825		1
9.99		1
9.9975		1
10.005		1
10.0125		1
10.02		1
10.0275		1
10.035		1
10.0425		1
10.05		1
10.0575		1
10.065		1
10.0725		1
10.08		1
10.0875		1
10.095		1
10.1025		1
10.11		1
10.1175		1
10.125		1
10.1325		1
10.14		1
10.1475		1
10.155		1
10.1625		1
10.17		1
10.1775		1
10.185		1
10.1925		1
10.2		1
10.2075		1
10.215		1
10.2225		1
10.23		1
10.2375		1
10.245		1
10.2525		1
10.26		1
10.2675		1
10.275		1
10.2825		1
10.29		1
10.2975		1
10.305		1
10.3125		1
10.32		1
10.3275		1
10.335		1
10.3425		1
10.35		1
10.3575		1
10.365		1
10.3725		1
10.38		1
10.3875		1
10.395		1
10.4025		1
10.41		1
10.4175		1
10.425		1
10.4325		1
10.44		1
10.4475		1
10.455		1
10.4625		1
10.47		1
10.4775		1
10.485		1
10.4925		1
10.5		1
10.5075		1
10.515		1
10.5225		1
10.53		1
10.5375		1
10.545		1
10.5525		1
10.56		1
10.5675		1
10.575		1
10.5825		1
10.59		1
10.5975		1
10.605		1
10.6125		1
10.62		1
10.6275		1
10.635		1
10.6425		1
10.65		1
10.6575		1
10.665		1
10.6725		1
10.68		1
10.6875		1
10.695		1
10.7025		1
10.71		1
10.7175		1
10.725		1
10.7325		1
10.74		1
10.7475		1
10.755		1
10.7625		1
10.77		1
10.7775		1
10.785		1
10.7925		1
10.8		1
10.8075		1
10.815		1
10.8225		1
10.83		1
10.8375		1
10.845		1
10.8525		1
10.86		1
10.8675		1
10.875		1
10.8825		1
10.89		1
10.8975		1
10.905		1
10.9125		1
10.92		1
10.9275		1
10.935		1
10.9425		1
10.95		1
10.9575		1
10.965		1
10.9725		1
10.98		1
10.9875		1
10.995		1
11.0025		1
11.01		1
11.0175		1
11.025		1
11.0325		1
11.04		1
11.0475		1
11.055		1
11.0625		1
11.07		1
11.0775		1
11.085		1
11.0925		1
11.1		1
11.1075		1
11.115		1
11.1225		1
11.13		1
11.1375		1
11.145		1
11.1525		1
11.16		1
11.1675		1
11.175		1
11.1825		1
11.19		1
11.1975		1
11.205		1
11.2125		1
11.22		1
11.2275		1
11.235		1
11.2425		1
11.25		1
11.2575		1
11.265		1
11.2725		1
11.28		1
11.2875		1
11.295		1
11.3025		1
11.31		1
11.3175		1
11.325		1
11.3325		1
11.34		1
11.3475		1
11.355		1
11.3625		1
11.37		1
11.3775		1
11.385		1
11.3925		1
11.4		1
11.4075		1
11.415		1
11.4225		1
11.43		1
11.4375		1
11.445		1
11.4525		1
11.46		1
11.4675		1
11.475		1
11.4825		1
11.49		1
11.4975		1
11.505		1
11.5125		1
11.52		1
11.5275		1
11.535		1
11.5425		1
11.55		1
11.5575		1
11.565		1
11.5725		1
11.58		1
11.5875		1
11.595		1
11.6025		1
11.61		1
11.6175		1
11.625		1
11.6325		1
11.64		1
11.6475		1
11.655		1
11.6625		1
11.67		1
11.6775		1
11.685		1
11.6925		1
11.7		1
11.7075		1
11.715		1
11.7225		1
11.73		1
11.7375		1
11.745		1
11.7525		1
11.76		1
11.7675		1
11.775		1
11.7825		1
11.79		1
11.7975		1
11.805		1
11.8125		1
11.82		1
11.8275		1
11.835		1
11.8425		1
11.85		1
11.8575		1
11.865		1
11.8725		1
11.88		1
11.8875		1
11.895		1
11.9025		1
11.91		1
11.9175		1
11.925		1
11.9325		1
11.94		1
11.9475		1
11.955		1
11.9625		1
11.97		1
11.9775		1
11.985		1
11.9925		1
12		1
12.0075		1
12.015		1
12.0225		1
12.03		1
12.0375		1
12.045		1
12.0525		1
12.06		1
12.0675		1
12.075		1
12.0825		1
12.09		1
12.0975		1
12.105		1
12.1125		1
12.12		1
12.1275		1
12.135		1
12.1425		1
12.15		1
12.1575		1
12.165		1
12.1725		1
12.18		1
12.1875		1
12.195		1
12.2025		1
12.21		1
12.2175		1
12.225		1
12.2325		1
12.24		1
12.2475		1
12.255		1
12.2625		1
12.27		1
12.2775		1
12.285		1
12.2925		1
12.3		1
12.3075		1
12.315		1
12.3225		1
12.33		1
12.3375		1
12.345		1
12.3525		1
12.36		1
12.3675		1
12.375		1
12.3825		1
12.39		1
12.3975		1
12.405		1
12.4125		1
12.42		1
12.4275		1
12.435		1
12.4425		1
12.45		1
12.4575		1
12.465		1
12.4725		1
12.48		1
12.4875		1
12.495		1
12.5025		1
12.51		1
12.5175		1
12.525		1
12.5325		1
12.54		1
12.5475		1
12.555		1
12.5625		1
12.57		1
12.5775		1
12.585		1
12.5925		1
12.6		1
12.6075		1
12.615		1
12.6225		1
12.63		1
12.6375		1
12.645		1
12.6525		1
12.66		1
12.6675		1
12.675		1
12.6825		1
12.69		1
12.6975		1
12.705		1
12.7125		1
12.72		1
12.7275		1
12.735		1
12.7425		1
12.75		1
12.7575		1
12.765		1
12.7725		1
12.78		1
12.7875		1
12.795		1
12.8025		1
12.81		1
12.8175		1
12.825		1
12.8325		1
12.84		1
12.8475		1
12.855		1
12.8625		1
12.87		1
12.8775		1
12.885		1
12.8925		1
12.9		1
12.9075		1
12.915		1
12.9225		1
12.93		1
12.9375		1
12.945		1
12.9525		1
12.96		1
12.9675		1
12.975		1
12.9825		1
12.99		1
12.9975		1
13.005		1
13.0125		1
13.02		1
13.0275		1
13.035		1
13.0425		1
13.05		1
13.0575		1
13.065		1
13.0725		1
13.08		1
13.0875		1
13.095		1
13.1025		1
13.11		1
13.1175		1
13.125		1
13.1325		1
13.14		1
13.1475		1
13.155		1
13.1625		1
13.17		1
13.1775		1
13.185		1
13.1925		1
13.2		1
13.2075		1
13.215		1
13.2225		1
13.23		1
13.2375		1
13.245		1
13.2525		1
13.26		1
13.2675		1
13.275		1
13.2825		1
13.29		1
13.2975		1
13.305		1
13.3125		1
13.32		1
13.3275		1
13.335		1
13.3425		1
13.35		1
13.3575		1
13.365		1
13.3725		1
13.38		1
13.3875		1
13.395		1
13.4025		1
13.41		1
13.4175		1
13.425		1
13.4325		1
13.44		1
13.4475		1
13.455		1
13.4625		1
13.47		1
13.4775		1
13.485		1
13.4925		1
13.5		1
13.5075		1
13.515		1
13.5225		1
13.53		1
13.5375		1
13.545		1
13.5525		1
13.56		1
13.5675		1
13.575		1
13.5825		1
13.59		1
13.5975		1
13.605		1
13.6125		1
13.62		1
13.6275		1
13.635		1
13.6425		1
13.65		1
13.6575		1
13.665		1
13.6725		1
13.68		1
13.6875		1
13.695		1
13.7025		1
13.71		1
13.7175		1
13.725		1
13.7325		1
13.74		1
13.7475		1
13.755		1
13.7625		1
13.77		1
13.7775		1
13.785		1
13.7925		1
13.8		1
13.8075		1
13.815		1
13.8225		1
13.83		1
13.8375		1
13.845		1
13.8525		1
13.86		1
13.8675		1
13.875		1
13.8825		1
13.89		1
13.8975		1
13.905		1
13.9125		1
13.92		1
13.9275		1
13.935		1
13.9425		1
13.95		1
13.9575		1
13.965		1
13.9725		1
13.98		1
13.9875		1
13.995		1
14.0025		1
14.01		1
14.0175		1
14.025		1
14.0325		1
14.04		1
14.0475		1
14.055		1
14.0625		1
14.07		1
14.0775		1
14.085		1
14.0925		1
14.1		1
14.1075		1
14.115		1
14.1225		1
14.13		1
14.1375		1
14.145		1
14.1525		1
14.16		1
14.1675		1
14.175		1
14.1825		1
14.19		1
14.1975		1
14.205		1
14.2125		1
14.22		1
14.2275		1
14.235		1
14.2425		1
14.25		1
14.2575		1
14.265		1
14.2725		1
14.28		1
14.2875		1
14.295		1
14.3025		1
14.31		1
14.3175		1
14.325		1
14.3325		1
14.34		1
14.3475		1
14.355		1
14.3625		1
14.37		1
14.3775		1
14.385		1
14.3925		1
14.4		1
14.4075		1
14.415		1
14.4225		1
14.43		1
14.4375		1
14.445		1
14.4525		1
14.46		1
14.4675		1
14.475		1
14.4825		1
14.49		1
14.4975		1
14.505		1
14.5125		1
14.52		1
14.5275		1
14.535		1
14.5425		1
14.55		1
14.5575		1
14.565		1
14.5725		1
14.58		1
14.5875		1
14.595		1
14.6025		1
14.61		1
14.6175		1
14.625		1
14.6325		1
14.64		1
14.6475		1
14.655		1
14.6625		1
14.67		1
14.6775		1
14.685		1
14.6925		1
14.7		1
14.7075		1
14.715		1
14.7225		1
14.73		1
14.7375		1
14.745		1
14.7525		1
14.76		1
14.7675		1
14.775		1
14.7825		1
14.79		1
14.7975		1
14.805		1
14.8125		1
14.82		1
14.8275		1
14.835		1
14.8425		1
14.85		1
14.8575		1
14.865		1
14.8725		1
14.88		1
14.8875		1
14.895		1
14.9025		1
14.91		1
14.9175		1
14.925		1
14.9325		1
14.94		1
14.9475		1
14.955		1
14.9625		1
14.97		1
14.9775		1
14.985		1
14.9925		1
15		1
15.0075		1
15.015		1
15.0225		1
15.03		1
15.0375		1
15.045		1
15.0525		1
15.06		1
15.0675		1
15.075		1
15.0825		1
15.09		1
15.0975		1
15.105		1
15.1125		1
15.12		1
15.1275		1
15.135		1
15.1425		1
15.15		1
15.1575		1
15.165		1
15.1725		1
15.18		1
15.1875		1
15.195		1
15.2025		1
15.21		1
15.2175		1
15.225		1
15.2325		1
15.24		1
15.2475		1
15.255		1
15.2625		1
15.27		1
15.2775		1
15.285		1
15.2925		1
15.3		1
15.3075		1
15.315		1
15.3225		1
15.33		1
15.3375		1
15.345		1
15.3525		1
15.36		1
15.3675		1
15.375		1
15.3825		1
15.39		1
15.3975		1
15.405		1
15.4125		1
15.42		1
15.4275		1
15.435		1
15.4425		1
15.45		1
15.4575		1
15.465		1
15.4725		1
15.48		1
15.4875		1
15.495		1
15.5025		1
15.51		1
15.5175		1
15.525		1
15.5325		1
15.54		1
15.5475		1
15.555		1
15.5625		1
15.57		1
15.5775		1
15.585		1
15.5925		1
15.6		1
15.6075		1
15.615		1
15.6225		1
15.63		1
15.6375		1
15.645		1
15.6525		1
15.66		1
15.6675		1
15.675		1
15.6825		1
15.69		1
15.6975		1
15.705		1
15.7125		1
15.72		1
15.7275		1
15.735		1
15.7425		1
15.75		1
15.7575		1
15.765		1
15.7725		1
15.78		1
15.7875		1
15.795		1
15.8025		1
15.81		1
15.8175		1
15.825		1
15.8325		1
15.84		1
15.8475		1
15.855		1
15.8625		1
15.87		1
15.8775		1
15.885		1
15.8925		1
15.9		1
15.9075		1
15.915		1
15.9225		1
15.93		1
15.9375		1
15.945		1
15.9525		1
15.96		1
15.9675		1
15.975		1
15.9825		1
15.99		1
15.9975		1
16.005		1
16.0125		1
16.02		1
16.0275		1
16.035		1
16.0425		1
16.05		1
16.0575		1
16.065		1
16.0725		1
16.08		1
16.0875		1
16.095		1
16.1025		1
16.11		1
16.1175		1
16.125		1
16.1325		1
16.14		1
16.1475		1
16.155		1
16.1625		1
16.17		1
16.1775		1
16.185		1
16.1925		1
16.2		1
16.2075		1
16.215		1
16.2225		1
16.23		1
16.2375		1
16.245		1
16.2525		1
16.26		1
16.2675		1
16.275		1
16.2825		1
16.29		1
16.2975		1
16.305		1
16.3125		1
16.32		1
16.3275		1
16.335		1
16.3425		1
16.35		1
16.3575		1
16.365		1
16.3725		1
16.38		1
16.3875		1
16.395		1
16.4025		1
16.41		1
16.4175		1
16.425		1
16.4325		1
16.44		1
16.4475		1
16.455		1
16.4625		1
16.47		1
16.4775		1
16.485		1
16.4925		1
16.5		1
16.5075		1
16.515		1
16.5225		1
16.53		1
16.5375		1
16.545		1
16.5525		1
16.56		1
16.5675		1
16.575		1
16.5825		1
16.59		1
16.5975		1
16.605		1
16.6125		1
16.62		1
16.6275		1
16.635		1
16.6425		1
16.65		1
16.6575		1
16.665		1
16.6725		1
16.68		1
16.6875		1
16.695		1
16.7025		1
16.71		1
16.7175		1
16.725		1
16.7325		1
16.74		1
16.7475		1
16.755		1
16.7625		1
16.77		1
16.7775		1
16.785		1
16.7925		1
16.8		1
16.8075		1
16.815		1
16.8225		1
16.83		1
16.8375		1
16.845		1
16.8525		1
16.86		1
16.8675		1
16.875		1
16.8825		1
16.89		1
16.8975		1
16.905		1
16.9125		1
16.92		1
16.9275		1
16.935		1
16.9425		1
16.95		1
16.9575		1
16.965		1
16.9725		1
16.98		1
16.9875		1
16.995		1
17.0025		1
17.01		1
17.0175		1
17.025		1
17.0325		1
17.04		1
17.0475		1
17.055		1
17.0625		1
17.07		1
17.0775		1
17.085		1
17.0925		1
17.1		1
17.1075		1
17.115		1
17.1225		1
17.13		1
17.1375		1
17.145		1
17.1525		1
17.16		1
17.1675		1
17.175		1
17.1825		1
17.19		1
17.1975		1
17.205		1
17.2125		1
17.22		1
17.2275		1
17.235		1
17.2425		1
17.25		1
17.2575		1
17.265		1
17.2725		1
17.28		1
17.2875		1
17.295		1
17.3025		1
17.31		1
17.3175		1
17.325		1
17.3325		1
17.34		1
17.3475		1
17.355		1
17.3625		1
17.37		1
17.3775		1
17.385		1
17.3925		1
17.4		1
17.4075		1
17.415		1
17.4225		1
17.43		1
17.4375		1
17.445		1
17.4525		1
17.46		1
17.4675		1
17.475		1
17.4825		1
17.49		1
17.4975		1
17.505		1
17.5125		1
17.52		1
17.5275		1
17.535		1
17.5425		1
17.55		1
17.5575		1
17.565		1
17.5725		1
17.58		1
17.5875		1
17.595		1
17.6025		1
17.61		1
17.6175		1
17.625		1
17.6325		1
17.64		1
17.6475		1
17.655		1
17.6625		1
17.67		1
17.6775		1
17.685		1
17.6925		1
17.7		1
17.7075		1
17.715		1
17.7225		1
17.73		1
17.7375		1
17.745		1
17.7525		1
17.76		1
17.7675		1
17.775		1
17.7825		1
17.79		1
17.7975		1
17.805		1
17.8125		1
17.82		1
17.8275		1
17.835		1
17.8425		1
17.85		1
17.8575		1
17.865		1
17.8725		1
17.88		1
17.8875		1
17.895		1
17.9025		1
17.91		1
17.9175		1
17.925		1
17.9325		1
17.94		1
17.9475		1
17.955		1
17.9625		1
17.97		1
17.9775		1
17.985		1
17.9925		1
18		1
18.0075		1
18.015		1
18.0225		1
18.03		1
18.0375		1
18.045		1
18.0525		1
18.06		1
18.0675		1
18.075		1
18.0825		1
18.09		1
18.0975		1
18.105		1
18.1125		1
18.12		1
18.1275		1
18.135		1
18.1425		1
18.15		1
18.1575		1
18.165		1
18.1725		1
18.18		1
18.1875		1
18.195		1
18.2025		1
18.21		1
18.2175		1
18.225		1
18.2325		1
18.24		1
18.2475		1
18.255		1
18.2625		1
18.27		1
18.2775		1
18.285		1
18.2925		1
18.3		1
18.3075		1
18.315		1
18.3225		1
18.33		1
18.3375		1
18.345		1
18.3525		1
18.36		1
18.3675		1
18.375		1
18.3825		1
18.39		1
18.3975		1
18.405		1
18.4125		1
18.42		1
18.4275		1
18.435		1
18.4425		1
18.45		1
18.4575		1
18.465		1
18.4725		1
18.48		1
18.4875		1
18.495		1
18.5025		1
18.51		1
18.5175		1
18.525		1
18.5325		1
18.54		1
18.5475		1
18.555		1
18.5625		1
18.57		1
18.5775		1
18.585		1
18.5925		1
18.6		1
18.6075		1
18.615		1
18.6225		1
18.63		1
18.6375		1
18.645		1
18.6525		1
18.66		1
18.6675		1
18.675		1
18.6825		1
18.69		1
18.6975		1
18.705		1
18.7125		1
18.72		1
18.7275		1
18.735		1
18.7425		1
18.75		1
18.7575		1
18.765		1
18.7725		1
18.78		1
18.7875		1
18.795		1
18.8025		1
18.81		1
18.8175		1
18.825		1
18.8325		1
18.84		1
18.8475		1
18.855		1
18.8625		1
18.87		1
18.8775		1
18.885		1
18.8925		1
18.9		1
18.9075		1
18.915		1
18.9225		1
18.93		1
18.9375		1
18.945		1
18.9525		1
18.96		1
18.9675		1
18.975		1
18.9825		1
18.99		1
18.9975		1
19.005		1
19.0125		1
19.02		1
19.0275		1
19.035		1
19.0425		1
19.05		1
19.0575		1
19.065		1
19.0725		1
19.08		1
19.0875		1
19.095		1
19.1025		1
19.11		1
19.1175		1
19.125		1
19.1325		1
19.14		1
19.1475		1
19.155		1
19.1625		1
19.17		1
19.1775		1
19.185		1
19.1925		1
19.2		1
19.2075		1
19.215		1
19.2225		1
19.23		1
19.2375		1
19.245		1
19.2525		1
19.26		1
19.2675		1
19.275		1
19.2825		1
19.29		1
19.2975		1
19.305		1
19.3125		1
19.32		1
19.3275		1
19.335		1
19.3425		1
19.35		1
19.3575		1
19.365		1
19.3725		1
19.38		1
19.3875		1
19.395		1
19.4025		1
19.41		1
19.4175		1
19.425		1
19.4325		1
19.44		1
19.4475		1
19.455		1
19.4625		1
19.47		1
19.4775		1
19.485		1
19.4925		1
19.5		1
19.5075		1
19.515		1
19.5225		1
19.53		1
19.5375		1
19.545		1
19.5525		1
19.56		1
19.5675		1
19.575		1
19.5825		1
19.59		1
19.5975		1
19.605		1
19.6125		1
19.62		1
19.6275		1
19.635		1
19.6425		1
19.65		1
19.6575		1
19.665		1
19.6725		1
19.68		1
19.6875		1
19.695		1
19.7025		1
19.71		1
19.7175		1
19.725		1
19.7325		1
19.74		1
19.7475		1
19.755		1
19.7625		1
19.77		1
19.7775		1
19.785		1
19.7925		1
19.8		1
19.8075		1
19.815		1
19.8225		1
19.83		1
19.8375		1
19.845		1
19.8525		1
19.86		1
19.8675		1
19.875		1
19.8825		1
19.89		1
19.8975		1
19.905		1
19.9125		1
19.92		1
19.9275		1
19.935		1
19.9425		1
19.95		1
19.9575		1
19.965		1
19.9725		1
19.98		1
19.9875		1
19.995		1
20.0025		1
20.01		1
20.0175		1
20.025		1
20.0325		1
20.04		1
20.0475		1
20.055		1
20.0625		1
20.07		1
20.0775		1
20.085		1
20.0925		1
20.1		1
20.1075		1
20.115		1
20.1225		1
20.13		1
20.1375		1
20.145		1
20.1525		1
20.16		1
20.1675		1
20.175		1
20.1825		1
20.19		1
20.1975		1
20.205		1
20.2125		1
20.22		1
20.2275		1
20.235		1
20.2425		1
20.25		1
20.2575		1
20.265		1
20.2725		1
20.28		1
20.2875		1
20.295		1
20.3025		1
20.31		1
20.3175		1
20.325		1
20.3325		1
20.34		1
20.3475		1
20.355		1
20.3625		1
20.37		1
20.3775		1
20.385		1
20.3925		1
20.4		1
20.4075		1
20.415		1
20.4225		1
20.43		1
20.4375		1
20.445		1
20.4525		1
20.46		1
20.4675		1
20.475		1
20.4825		1
20.49		1
20.4975		1
20.505		1
20.5125		1
20.52		1
20.5275		1
20.535		1
20.5425		1
20.55		1
20.5575		1
20.565		1
20.5725		1
20.58		1
20.5875		1
20.595		1
20.6025		1
20.61		1
20.6175		1
20.625		1
20.6325		1
20.64		1
20.6475		1
20.655		1
20.6625		1
20.67		1
20.6775		1
20.685		1
20.6925		1
20.7		1
20.7075		1
20.715		1
20.7225		1
20.73		1
20.7375		1
20.745		1
20.7525		1
20.76		1
20.7675		1
20.775		1
20.7825		1
20.79		1
20.7975		1
20.805		1
20.8125		1
20.82		1
20.8275		1
20.835		1
20.8425		1
20.85		1
20.8575		1
20.865		1
20.8725		1
20.88		1
20.8875		1
20.895		1
20.9025		1
20.91		1
20.9175		1
20.925		1
20.9325		1
20.94		1
20.9475		1
20.955		1
20.9625		1
20.97		1
20.9775		1
20.985		1
20.9925		1
21		1
21.0075		1
21.015		1
21.0225		1
21.03		1
21.0375		1
21.045		1
21.0525		1
21.06		1
21.0675		1
21.075		1
21.0825		1
21.09		1
21.0975		1
21.105		1
21.1125		1
21.12		1
21.1275		1
21.135		1
21.1425		1
21.15		1
21.1575		1
21.165		1
21.1725		1
21.18		1
21.1875		1
21.195		1
21.2025		1
21.21		1
21.2175		1
21.225		1
21.2325		1
21.24		1
21.2475		1
21.255		1
21.2625		1
21.27		1
21.2775		1
21.285		1
21.2925		1
21.3		1
21.3075		1
21.315		1
21.3225		1
21.33		1
21.3375		1
21.345		1
21.3525		1
21.36		1
21.3675		1
21.375		1
21.3825		1
21.39		1
21.3975		1
21.405		1
21.4125		1
21.42		1
21.4275		1
21.435		1
21.4425		1
21.45		1
21.4575		1
21.465		1
21.4725		1
21.48		1
21.4875		1
21.495		1
21.5025		1
21.51		1
21.5175		1
21.525		1
21.5325		1
21.54		1
21.5475		1
21.555		1
21.5625		1
21.57		1
21.5775		1
21.585		1
21.5925		1
21.6		1
21.6075		1
21.615		1
21.6225		1
21.63		1
21.6375		1
21.645		1
21.6525		1
21.66		1
21.6675		1
21.675		1
21.6825		1
21.69		1
21.6975		1
21.705		1
21.7125		1
21.72		1
21.7275		1
21.735		1
21.7425		1
21.75		1
21.7575		1
21.765		1
21.7725		1
21.78		1
21.7875		1
21.795		1
21.8025		1
21.81		1
21.8175		1
21.825		1
21.8325		1
21.84		1
21.8475		1
21.855		1
21.8625		1
21.87		1
21.8775		1
21.885		1
21.8925		1
21.9		1
21.9075		1
21.915		1
21.9225		1
21.93		1
21.9375		1
21.945		1
21.9525		1
21.96		1
21.9675		1
21.975		1
21.9825		1
21.99		1
21.9975		1
22.005		1
22.0125		1
22.02		1
22.0275		1
22.035		1
22.0425		1
22.05		1
22.0575		1
22.065		1
22.0725		1
22.08		1
22.0875		1
22.095		1
22.1025		1
22.11		1
22.1175		1
22.125		1
22.1325		1
22.14		1
22.1475		1
22.155		1
22.1625		1
22.17		1
22.1775		1
22.185		1
22.1925		1
22.2		1
22.2075		1
22.215		1
22.2225		1
22.23		1
22.2375		1
22.245		1
22.2525		1
22.26		1
22.2675		1
22.275		1
22.2825		1
22.29		1
22.2975		1
22.305		1
22.3125		1
22.32		1
22.3275		1
22.335		1
22.3425		1
22.35		1
22.3575		1
22.365		1
22.3725		1
22.38		1
22.3875		1
22.395		1
22.4025		1
22.41		1
22.4175		1
22.425		1
22.4325		1
22.44		1
22.4475		1
22.455		1
22.4625		1
22.47		1
22.4775		1
22.485		1
22.4925		1
22.5		1
22.5075		1
22.515		1
22.5225		1
22.53		1
22.5375		1
22.545		1
22.5525		1
22.56		1
22.5675		1
22.575		1
22.5825		1
22.59		1
22.5975		1
22.605		1
22.6125		1
22.62		1
22.6275		1
22.635		1
22.6425		1
22.65		1
22.6575		1
22.665		1
22.6725		1
22.68		1
22.6875		1
22.695		1
22.7025		1
22.71		1
22.7175		1
22.725		1
22.7325		1
22.74		1
22.7475		1
22.755		1
22.7625		1
22.77		1
22.7775		1
22.785		1
22.7925		1
22.8		1
22.8075		1
22.815		1
22.8225		1
22.83		1
22.8375		1
22.845		1
22.8525		1
22.86		1
22.8675		1
22.875		1
22.8825		1
22.89		1
22.8975		1
22.905		1
22.9125		1
22.92		1
22.9275		1
22.935		1
22.9425		1
22.95		1
22.9575		1
22.965		1
22.9725		1
22.98		1
22.9875		1
22.995		1
23.0025		1
23.01		1
23.0175		1
23.025		1
23.0325		1
23.04		1
23.0475		1
23.055		1
23.0625		1
23.07		1
23.0775		1
23.085		1
23.0925		1
23.1		1
23.1075		1
23.115		1
23.1225		1
23.13		1
23.1375		1
23.145		1
23.1525		1
23.16		1
23.1675		1
23.175		1
23.1825		1
23.19		1
23.1975		1
23.205		1
23.2125		1
23.22		1
23.2275		1
23.235		1
23.2425		1
23.25		1
23.2575		1
23.265		1
23.2725		1
23.28		1
23.2875		1
23.295		1
23.3025		1
23.31		1
23.3175		1
23.325		1
23.3325		1
23.34		1
23.3475		1
23.355		1
23.3625		1
23.37		1
23.3775		1
23.385		1
23.3925		1
23.4		1
23.4075		1
23.415		1
23.4225		1
23.43		1
23.4375		1
23.445		1
23.4525		1
23.46		1
23.4675		1
23.475		1
23.4825		1
23.49		1
23.4975		1
23.505		1
23.5125		1
23.52		1
23.5275		1
23.535		1
23.5425		1
23.55		1
23.5575		1
23.565		1
23.5725		1
23.58		1
23.5875		1
23.595		1
23.6025		1
23.61		1
23.6175		1
23.625		1
23.6325		1
23.64		1
23.6475		1
23.655		1
23.6625		1
23.67		1
23.6775		1
23.685		1
23.6925		1
23.7		1
23.7075		1
23.715		1
23.7225		1
23.73		1
23.7375		1
23.745		1
23.7525		1
23.76		1
23.7675		1
23.775		1
23.7825		1
23.79		1
23.7975		1
23.805		1
23.8125		1
23.82		1
23.8275		1
23.835		1
23.8425		1
23.85		1
23.8575		1
23.865		1
23.8725		1
23.88		1
23.8875		1
23.895		1
23.9025		1
23.91		1
23.9175		1
23.925		1
23.9325		1
23.94		1
23.9475		1
23.955		1
23.9625		1
23.97		1
23.9775		1
23.985		1
23.9925		1
24		1
24.0075		1
24.015		1
24.0225		1
24.03		1
24.0375		1
24.045		1
24.0525		1
24.06		1
24.0675		1
24.075		1
24.0825		1
24.09		1
24.0975		1
24.105		1
24.1125		1
24.12		1
24.1275		1
24.135		1
24.1425		1
24.15		1
24.1575		1
24.165		1
24.1725		1
24.18		1
24.1875		1
24.195		1
24.2025		1
24.21		1
24.2175		1
24.225		1
24.2325		1
24.24		1
24.2475		1
24.255		1
24.2625		1
24.27		1
24.2775		1
24.285		1
24.2925		1
24.3		1
24.3075		1
24.315		1
24.3225		1
24.33		1
24.3375		1
24.345		1
24.3525		1
24.36		1
24.3675		1
24.375		1
24.3825		1
24.39		1
24.3975		1
24.405		1
24.4125		1
24.42		1
24.4275		1
24.435		1
24.4425		1
24.45		1
24.4575		1
24.465		1
24.4725		1
24.48		1
24.4875		1
24.495		1
24.5025		1
24.51		1
24.5175		1
24.525		1
24.5325		1
24.54		1
24.5475		1
24.555		1
24.5625		1
24.57		1
24.5775		1
24.585		1
24.5925		1
24.6		1
24.6075		1
24.615		1
24.6225		1
24.63		1
24.6375		1
24.645		1
24.6525		1
24.66		1
24.6675		1
24.675		1
24.6825		1
24.69		1
24.6975		1
24.705		1
24.7125		1
24.72		1
24.7275		1
24.735		1
24.7425		1
24.75		1
24.7575		1
24.765		1
24.7725		1
24.78		1
24.7875		1
24.795		1
24.8025		1
24.81		1
24.8175		1
24.825		1
24.8325		1
24.84		1
24.8475		1
24.855		1
24.8625		1
24.87		1
24.8775		1
24.885		1
24.8925		1
24.9		1
24.9075		1
24.915		1
24.9225		1
24.93		1
24.9375		1
24.945		1
24.9525		1
24.96		1
24.9675		1
24.975		1
24.9825		1
24.99		1
24.9975		1
25.005		1
25.0125		1
25.02		1
25.0275		1
25.035		1
25.0425		1
25.05		1
25.0575		1
25.065		1
25.0725		1
25.08		1
25.0875		1
25.095		1
25.1025		1
25.11		1
25.1175		1
25.125		1
25.1325		1
25.14		1
25.1475		1
25.155		1
25.1625		1
25.17		1
25.1775		1
25.185		1
25.1925		1
25.2		1
25.2075		1
25.215		1
25.2225		1
25.23		1
25.2375		1
25.245		1
25.2525		1
25.26		1
25.2675		1
25.275		1
25.2825		1
25.29		1
25.2975		1
25.305		1
25.3125		1
25.32		1
25.3275		1
25.335		1
25.3425		1
25.35		1
25.3575		1
25.365		1
25.3725		1
25.38		1
25.3875		1
25.395		1
25.4025		1
25.41		1
25.4175		1
25.425		1
25.4325		1
25.44		1
25.4475		1
25.455		1
25.4625		1
25.47		1
25.4775		1
25.485		1
25.4925		1
25.5		1
25.5075		1
25.515		1
25.5225		1
25.53		1
25.5375		1
25.545		1
25.5525		1
25.56		1
25.5675		1
25.575		1
25.5825		1
25.59		1
25.5975		1
25.605		1
25.6125		1
25.62		1
25.6275		1
25.635		1
25.6425		1
25.65		1
25.6575		1
25.665		1
25.6725		1
25.68		1
25.6875		1
25.695		1
25.7025		1
25.71		1
25.7175		1
25.725		1
25.7325		1
25.74		1
25.7475		1
25.755		1
25.7625		1
25.77		1
25.7775		1
25.785		1
25.7925		1
25.8		1
25.8075		1
25.815		1
25.8225		1
25.83		1
25.8375		1
25.845		1
25.8525		1
25.86		1
25.8675		1
25.875		1
25.8825		1
25.89		1
25.8975		1
25.905		1
25.9125		1
25.92		1
25.9275		1
25.935		1
25.9425		1
25.95		1
25.9575		1
25.965		1
25.9725		1
25.98		1
25.9875		1
25.995		1
26.0025		1
26.01		1
26.0175		1
26.025		1
26.0325		1
26.04		1
26.0475		1
26.055		1
26.0625		1
26.07		1
26.0775		1
26.085		1
26.0925		1
26.1		1
26.1075		1
26.115		1
26.1225		1
26.13		1
26.1375		1
26.145		1
26.1525		1
26.16		1
26.1675		1
26.175		1
26.1825		1
26.19		1
26.1975		1
26.205		1
26.2125		1
26.22		1
26.2275		1
26.235		1
26.2425		1
26.25		1
26.2575		1
26.265		1
26.2725		1
26.28		1
26.2875		1
26.295		1
26.3025		1
26.31		1
26.3175		1
26.325		1
26.3325		1
26.34		1
26.3475		1
26.355		1
26.3625		1
26.37		1
26.3775		1
26.385		1
26.3925		1
26.4		1
26.4075		1
26.415		1
26.4225		1
26.43		1
26.4375		1
26.445		1
26.4525		1
26.46		1
26.4675		1
26.475		1
26.4825		1
26.49		1
26.4975		1
26.505		1
26.5125		1
26.52		1
26.5275		1
26.535		1
26.5425		1
26.55		1
26.5575		1
26.565		1
26.5725		1
26.58		1
26.5875		1
26.595		1
26.6025		1
26.61		1
26.6175		1
26.625		1
26.6325		1
26.64		1
26.6475		1
26.655		1
26.6625		1
26.67		1
26.6775		1
26.685		1
26.6925		1
26.7		1
26.7075		1
26.715		1
26.7225		1
26.73		1
26.7375		1
26.745		1
26.7525		1
26.76		1
26.7675		1
26.775		1
26.7825		1
26.79		1
26.7975		1
26.805		1
26.8125		1
26.82		1
26.8275		1
26.835		1
26.8425		1
26.85		1
26.8575		1
26.865		1
26.8725		1
26.88		1
26.8875		1
26.895		1
26.9025		1
26.91		1
26.9175		1
26.925		1
26.9325		1
26.94		1
26.9475		1
26.955		1
26.9625		1
26.97		1
26.9775		1
26.985		1
26.9925		1
27		1
27.0075		1
27.015		1
27.0225		1
27.03		1
27.0375		1
27.045		1
27.0525		1
27.06		1
27.0675		1
27.075		1
27.0825		1
27.09		1
27.0975		1
27.105		1
27.1125		1
27.12		1
27.1275		1
27.135		1
27.1425		1
27.15		1
27.1575		1
27.165		1
27.1725		1
27.18		1
27.1875		1
27.195		1
27.2025		1
27.21		1
27.2175		1
27.225		1
27.2325		1
27.24		1
27.2475		1
27.255		1
27.2625		1
27.27		1
27.2775		1
27.285		1
27.2925		1
27.3		1
27.3075		1
27.315		1
27.3225		1
27.33		1
27.3375		1
27.345		1
27.3525		1
27.36		1
27.3675		1
27.375		1
27.3825		1
27.39		1
27.3975		1
27.405		1
27.4125		1
27.42		1
27.4275		1
27.435		1
27.4425		1
27.45		1
27.4575		1
27.465		1
27.4725		1
27.48		1
27.4875		1
27.495		1
27.5025		1
27.51		1
27.5175		1
27.525		1
27.5325		1
27.54		1
27.5475		1
27.555		1
27.5625		1
27.57		1
27.5775		1
27.585		1
27.5925		1
27.6		1
27.6075		1
27.615		1
27.6225		1
27.63		1
27.6375		1
27.645		1
27.6525		1
27.66		1
27.6675		1
27.675		1
27.6825		1
27.69		1
27.6975		1
27.705		1
27.7125		1
27.72		1
27.7275		1
27.735		1
27.7425		1
27.75		1
27.7575		1
27.765		1
27.7725		1
27.78		1
27.7875		1
27.795		1
27.8025		1
27.81		1
27.8175		1
27.825		1
27.8325		1
27.84		1
27.8475		1
27.855		1
27.8625		1
27.87		1
27.8775		1
27.885		1
27.8925		1
27.9		1
27.9075		1
27.915		1
27.9225		1
27.93		1
27.9375		1
27.945		1
27.9525		1
27.96		1
27.9675		1
27.975		1
27.9825		1
27.99		1
27.9975		1
28.005		1
28.0125		1
28.02		1
28.0275		1
28.035		1
28.0425		1
28.05		1
28.0575		1
28.065		1
28.0725		1
28.08		1
28.0875		1
28.095		1
28.1025		1
28.11		1
28.1175		1
28.125		1
28.1325		1
28.14		1
28.1475		1
28.155		1
28.1625		1
28.17		1
28.1775		1
28.185		1
28.1925		1
28.2		1
28.2075		1
28.215		1
28.2225		1
28.23		1
28.2375		1
28.245		1
28.2525		1
28.26		1
28.2675		1
28.275		1
28.2825		1
28.29		1
28.2975		1
28.305		1
28.3125		1
28.32		1
28.3275		1
28.335		1
28.3425		1
28.35		1
28.3575		1
28.365		1
28.3725		1
28.38		1
28.3875		1
28.395		1
28.4025		1
28.41		1
28.4175		1
28.425		1
28.4325		1
28.44		1
28.4475		1
28.455		1
28.4625		1
28.47		1
28.4775		1
28.485		1
28.4925		1
28.5		1
28.5075		1
28.515		1
28.5225		1
28.53		1
28.5375		1
28.545		1
28.5525		1
28.56		1
28.5675		1
28.575		1
28.5825		1
28.59		1
28.5975		1
28.605		1
28.6125		1
28.62		1
28.6275		1
28.635		1
28.6425		1
28.65		1
28.6575		1
28.665		1
28.6725		1
28.68		1
28.6875		1
28.695		1
28.7025		1
28.71		1
28.7175		1
28.725		1
28.7325		1
28.74		1
28.7475		1
28.755		1
28.7625		1
28.77		1
28.7775		1
28.785		1
28.7925		1
28.8		1
28.8075		1
28.815		1
28.8225		1
28.83		1
28.8375		1
28.845		1
28.8525		1
28.86		1
28.8675		1
28.875		1
28.8825		1
28.89		1
28.8975		1
28.905		1
28.9125		1
28.92		1
28.9275		1
28.935		1
28.9425		1
28.95		1
28.9575		1
28.965		1
28.9725		1
28.98		1
28.9875		1
28.995		1
29.0025		1
29.01		1
29.0175		1
29.025		1
29.0325		1
29.04		1
29.0475		1
29.055		1
29.0625		1
29.07		1
29.0775		1
29.085		1
29.0925		1
29.1		1
29.1075		1
29.115		1
29.1225		1
29.13		1
29.1375		1
29.145		1
29.1525		1
29.16		1
29.1675		1
29.175		1
29.1825		1
29.19		1
29.1975		1
29.205		1
29.2125		1
29.22		1
29.2275		1
29.235		1
29.2425		1
29.25		1
29.2575		1
29.265		1
29.2725		1
29.28		1
29.2875		1
29.295		1
29.3025		1
29.31		1
29.3175		1
29.325		1
29.3325		1
29.34		1
29.3475		1
29.355		1
29.3625		1
29.37		1
29.3775		1
29.385		1
29.3925		1
29.4		1
29.4075		1
29.415		1
29.4225		1
29.43		1
29.4375		1
29.445		1
29.4525		1
29.46		1
29.4675		1
29.475		1
29.4825		1
29.49		1
29.4975		1
29.505		1
29.5125		1
29.52		1
29.5275		1
29.535		1
29.5425		1
29.55		1
29.5575		1
29.565		1
29.5725		1
29.58		1
29.5875		1
29.595		1
29.6025		1
29.61		1
29.6175		1
29.625		1
29.6325		1
29.64		1
29.6475		1
29.655		1
29.6625		1
29.67		1
29.6775		1
29.685		1
29.6925		1
29.7		1
29.7075		1
29.715		1
29.7225		1
29.73		1
29.7375		1
29.745		1
29.7525		1
29.76		1
29.7675		1
29.775		1
29.7825		1
29.79		1
29.7975		1
29.805		1
29.8125		1
29.82		1
29.8275		1
29.835		1
29.8425		1
29.85		1
29.8575		1
29.865		1
29.8725		1
29.88		1
29.8875		1
29.895		1
29.9025		1
29.91		1
29.9175		1
29.925		1
29.9325		1
29.94		1
29.9475		1
29.955		1
29.9625		1
29.97		1
29.9775		1
29.985		1
29.9925		1
30		1
30.0075		1
30.015		1
30.0225		1
30.03		1
30.0375		1
30.045		1
30.0525		1
30.06		1
30.0675		1
30.075		1
30.0825		1
30.09		1
30.0975		1
30.105		1
30.1125		1
30.12		1
30.1275		1
30.135		1
30.1425		1
30.15		1
30.1575		1
30.165		1
30.1725		1
30.18		1
30.1875		1
30.195		1
30.2025		1
30.21		1
30.2175		1
30.225		1
30.2325		1
30.24		1
30.2475		1
30.255		1
30.2625		1
30.27		1
30.2775		1
30.285		1
30.2925		1
30.3		1
30.3075		1
30.315		1
30.3225		1
30.33		1
30.3375		1
30.345		1
30.3525		1
30.36		1
30.3675		1
30.375		1
30.3825		1
30.39		1
30.3975		1
30.405		1
30.4125		1
30.42		1
30.4275		1
30.435		1
30.4425		1
30.45		1
30.4575		1
30.465		1
30.4725		1
30.48		1
30.4875		1
30.495		1
30.5025		1
30.51		1
30.5175		1
30.525		1
30.5325		1
30.54		1
30.5475		1
30.555		1
30.5625		1
30.57		1
30.5775		1
30.585		1
30.5925		1
30.6		1
30.6075		1
30.615		1
30.6225		1
30.63		1
30.6375		1
30.645		1
30.6525		1
30.66		1
30.6675		1
30.675		1
30.6825		1
30.69		1
30.6975		1
30.705		1
30.7125		1
30.72		1