15 1.10E-04
30 1.20E-03
45 2.24E-03
60 2.99E-03
75 3.32E-03
90 3.62E-03
105 4.47E-03
120 5.24E-03
135 5.43E-03
150 6.63E-03
165 1.17E-02
180 2.49E-02
195 5.08E-02
210 9.13E-02
225 1.49E-01
240 2.19E-01
255 3.00E-01
270 3.78E-01
285 4.54E-01
300 5.12E-01
315 5.82E-01
330 6.29E-01
345 6.82E-01
360 6.98E-01
375 7.29E-01
390 7.69E-01
405 8.17E-01
420 8.71E-01
435 9.09E-01
450 9.35E-01
465 9.59E-01
480 9.71E-01
495 9.92E-01
510 1.01E+00
1065.000000 1.000000
1080.000000 1.000000
1095.000000 1.000000
1110.000000 1.000000
1125.000000 1.000000
1140.000000 1.000000
1155.000000 1.000000
1170.000000 1.000000
1185.000000 1.000000
1200.000000 1.000000
1215.000000 1.000000
1230.000000 1.000000
1245.000000 1.000000
1260.000000 1.000000
1275.000000 1.000000
1290.000000 1.000000
1305.000000 1.000000
1320.000000 1.000000
1335.000000 1.000000
1350.000000 1.000000
1365.000000 1.000000
1380.000000 1.000000
1395.000000 1.000000
1410.000000 1.000000
1425.000000 1.000000
1440.000000 1.000000
1455.000000 1.000000
1470.000000 1.000000
1485.000000 1.000000
1500.000000 1.000000
1515.000000 1.000000
1530.000000 1.000000
1545.000000 1.000000
1560.000000 1.000000
1575.000000 1.000000
1590.000000 1.000000
1605.000000 1.000000
1620.000000 1.000000
1635.000000 1.000000
1650.000000 1.000000
1665.000000 1.000000
1680.000000 1.000000
1695.000000 1.000000
1710.000000 1.000000
1725.000000 1.000000
1740.000000 1.000000
1755.000000 1.000000
1770.000000 1.000000
1785.000000 1.000000
1800.000000 1.000000
1815.000000 1.000000
1830.000000 1.000000
1845.000000 1.000000
1860.000000 1.000000
1875.000000 1.000000
1890.000000 1.000000
1905.000000 1.000000
1920.000000 1.000000
1935.000000 1.000000
1950.000000 1.000000
1965.000000 1.000000
1980.000000 1.000000
1995.000000 1.000000
2010.000000 1.000000
2025.000000 1.000000
2040.000000 1.000000
2055.000000 1.000000
2070.000000 1.000000
2085.000000 1.000000
2100.000000 1.000000
2115.000000 1.000000
2130.000000 1.000000
2145.000000 1.000000
2160.000000 1.000000
2175.000000 1.000000
2190.000000 1.000000
2205.000000 1.000000
2220.000000 1.000000
2235.000000 1.000000
2250.000000 1.000000
2265.000000 1.000000
2280.000000 1.000000
2295.000000 1.000000
2310.000000 1.000000
2325.000000 1.000000
2340.000000 1.000000
2355.000000 1.000000
2370.000000 1.000000
2385.000000 1.000000
2400.000000 1.000000
2415.000000 1.000000
2430.000000 1.000000
2445.000000 1.000000
2460.000000 1.000000
2475.000000 1.000000
2490.000000 1.000000
2505.000000 1.000000
2520.000000 1.000000
2535.000000 1.000000
2550.000000 1.000000
2565.000000 1.000000
2580.000000 1.000000
2595.000000 1.000000
2610.000000 1.000000
2625.000000 1.000000
2640.000000 1.000000
2655.000000 1.000000
2670.000000 1.000000
2685.000000 1.000000
2700.000000 1.000000
2715.000000 1.000000
2730.000000 1.000000
2745.000000 1.000000
2760.000000 1.000000
2775.000000 1.000000
2790.000000 1.000000
2805.000000 1.000000
2820.000000 1.000000
2835.000000 1.000000
2850.000000 1.000000
2865.000000 1.000000
2880.000000 1.000000
2895.000000 1.000000
2910.000000 1.000000
2925.000000 1.000000
2940.000000 1.000000
2955.000000 1.000000
2970.000000 1.000000
2985.000000 1.000000
3000.000000 1.000000
3015.000000 1.000000
3030.000000 1.000000
3045.000000 1.000000
3060.000000 1.000000
3075.000000 1.000000
3090.000000 1.000000
3105.000000 1.000000
3120.000000 1.000000
3135.000000 1.000000
3150.000000 1.000000
3165.000000 1.000000
3180.000000 1.000000
3195.000000 1.000000
3210.000000 1.000000
3225.000000 1.000000
3240.000000 1.000000
3255.000000 1.000000
3270.000000 1.000000
3285.000000 1.000000
3300.000000 1.000000
3315.000000 1.000000
3330.000000 1.000000
3345.000000 1.000000
3360.000000 1.000000
3375.000000 1.000000
3390.000000 1.000000
3405.000000 1.000000
3420.000000 1.000000
3435.000000 1.000000
3450.000000 1.000000
3465.000000 1.000000
3480.000000 1.000000
3495.000000 1.000000
3510.000000 1.000000
3525.000000 1.000000
3540.000000 1.000000
3555.000000 1.000000
3570.000000 1.000000
3585.000000 1.000000
3600.000000 1.000000
3615.000000 1.000000
3630.000000 1.000000
3645.000000 1.000000
3660.000000 1.000000
3675.000000 1.000000
3690.000000 1.000000
3705.000000 1.000000
3720.000000 1.000000
3735.000000 1.000000
3750.000000 1.000000
3765.000000 1.000000
3780.000000 1.000000
3795.000000 1.000000
3810.000000 1.000000
3825.000000 1.000000
3840.000000 1.000000
3855.000000 1.000000
3870.000000 1.000000
3885.000000 1.000000
3900.000000 1.000000
3915.000000 1.000000
3930.000000 1.000000
3945.000000 1.000000
3960.000000 1.000000
3975.000000 1.000000
3990.000000 1.000000
4005.000000 1.000000
4020.000000 1.000000
4035.000000 1.000000
4050.000000 1.000000
4065.000000 1.000000
4080.000000 1.000000
4095.000000 1.000000
4110.000000 1.000000
4125.000000 1.000000
4140.000000 1.000000
4155.000000 1.000000
4170.000000 1.000000
4185.000000 1.000000
4200.000000 1.000000
4215.000000 1.000000
4230.000000 1.000000
4245.000000 1.000000
4260.000000 1.000000
4275.000000 1.000000
4290.000000 1.000000
4305.000000 1.000000
4320.000000 1.000000
4335.000000 1.000000
4350.000000 1.000000
4365.000000 1.000000
4380.000000 1.000000
4395.000000 1.000000
4410.000000 1.000000
4425.000000 1.000000
4440.000000 1.000000
4455.000000 1.000000
4470.000000 1.000000
4485.000000 1.000000
4500.000000 1.000000
4515.000000 1.000000
4530.000000 1.000000
4545.000000 1.000000
4560.000000 1.000000
4575.000000 1.000000
4590.000000 1.000000
4605.000000 1.000000
4620.000000 1.000000
4635.000000 1.000000
4650.000000 1.000000
4665.000000 1.000000
4680.000000 1.000000
4695.000000 1.000000
4710.000000 1.000000
4725.000000 1.000000
4740.000000 1.000000
4755.000000 1.000000
4770.000000 1.000000
4785.000000 1.000000
4800.000000 1.000000
4815.000000 1.000000
4830.000000 1.000000
4845.000000 1.000000
4860.000000 1.000000
4875.000000 1.000000
4890.000000 1.000000
4905.000000 1.000000
4920.000000 1.000000
4935.000000 1.000000
4950.000000 1.000000
4965.000000 1.000000
4980.000000 1.000000
4995.000000 1.000000
5010.000000 1.000000
5025.000000 1.000000
5040.000000 1.000000
5055.000000 1.000000
5070.000000 1.000000
5085.000000 1.000000
5100.000000 1.000000
5115.000000 1.000000
5130.000000 1.000000
5145.000000 1.000000
5160.000000 1.000000
5175.000000 1.000000
5190.000000 1.000000
5205.000000 1.000000
5220.000000 1.000000
5235.000000 1.000000
5250.000000 1.000000
5265.000000 1.000000
5280.000000 1.000000
5295.000000 1.000000
5310.000000 1.000000
5325.000000 1.000000
5340.000000 1.000000
5355.000000 1.000000
5370.000000 1.000000
5385.000000 1.000000
5400.000000 1.000000
5415.000000 1.000000
5430.000000 1.000000
5445.000000 1.000000
5460.000000 1.000000
5475.000000 1.000000
5490.000000 1.000000
5505.000000 1.000000
5520.000000 1.000000
5535.000000 1.000000
5550.000000 1.000000
5565.000000 1.000000
5580.000000 1.000000
5595.000000 1.000000
5610.000000 1.000000
5625.000000 1.000000
5640.000000 1.000000
5655.000000 1.000000
5670.000000 1.000000
5685.000000 1.000000
5700.000000 1.000000
5715.000000 1.000000
5730.000000 1.000000
5745.000000 1.000000
5760.000000 1.000000
5775.000000 1.000000
5790.000000 1.000000
5805.000000 1.000000
5820.000000 1.000000
5835.000000 1.000000
5850.000000 1.000000
5865.000000 1.000000
5880.000000 1.000000
5895.000000 1.000000
5910.000000 1.000000
5925.000000 1.000000
5940.000000 1.000000
5955.000000 1.000000
5970.000000 1.000000
5985.000000 1.000000
6000.000000 1.000000
6015.000000 1.000000
6030.000000 1.000000
6045.000000 1.000000
6060.000000 1.000000
6075.000000 1.000000
6090.000000 1.000000
6105.000000 1.000000
6120.000000 1.000000
6135.000000 1.000000
6150.000000 1.000000
6165.000000 1.000000
6180.000000 1.000000
6195.000000 1.000000
6210.000000 1.000000
6225.000000 1.000000
6240.000000 1.000000
6255.000000 1.000000
6270.000000 1.000000
6285.000000 1.000000
6300.000000 1.000000
6315.000000 1.000000
6330.000000 1.000000
6345.000000 1.000000
6360.000000 1.000000
6375.000000 1.000000
6390.000000 1.000000
6405.000000 1.000000
6420.000000 1.000000
6435.000000 1.000000
6450.000000 1.000000
6465.000000 1.000000
6480.000000 1.000000
6495.000000 1.000000
6510.000000 1.000000
6525.000000 1.000000
6540.000000 1.000000
6555.000000 1.000000
6570.000000 1.000000
6585.000000 1.000000
6600.000000 1.000000
6615.000000 1.000000
6630.000000 1.000000
6645.000000 1.000000
6660.000000 1.000000
6675.000000 1.000000
6690.000000 1.000000
6705.000000 1.000000
6720.000000 1.000000
6735.000000 1.000000
6750.000000 1.000000
6765.000000 1.000000
6780.000000 1.000000
6795.000000 1.000000
6810.000000 1.000000
6825.000000 1.000000
6840.000000 1.000000
6855.000000 1.000000
6870.000000 1.000000
6885.000000 1.000000
6900.000000 1.000000
6915.000000 1.000000
6930.000000 1.000000
6945.000000 1.000000
6960.000000 1.000000
6975.000000 1.000000
6990.000000 1.000000
7005.000000 1.000000
7020.000000 1.000000
7035.000000 1.000000
7050.000000 1.000000
7065.000000 1.000000
7080.000000 1.000000
7095.000000 1.000000
7110.000000 1.000000
7125.000000 1.000000
7140.000000 1.000000
7155.000000 1.000000
7170.000000 1.000000
7185.000000 1.000000
7200.000000 1.000000
7215.000000 1.000000
7230.000000 1.000000
7245.000000 1.000000
7260.000000 1.000000
7275.000000 1.000000
7290.000000 1.000000
7305.000000 1.000000
7320.000000 1.000000
7335.000000 1.000000
7350.000000 1.000000
7365.000000 1.000000
7380.000000 1.000000
7395.000000 1.000000
7410.000000 1.000000
7425.000000 1.000000
7440.000000 1.000000
7455.000000 1.000000
7470.000000 1.000000
7485.000000 1.000000
7500.000000 1.000000
7515.000000 1.000000
7530.000000 1.000000
7545.000000 1.000000
7560.000000 1.000000
7575.000000 1.000000
7590.000000 1.000000
7605.000000 1.000000
7620.000000 1.000000
7635.000000 1.000000
7650.000000 1.000000
7665.000000 1.000000
7680.000000 1.000000
7695.000000 1.000000
7710.000000 1.000000
7725.000000 1.000000
7740.000000 1.000000
7755.000000 1.000000
7770.000000 1.000000
7785.000000 1.000000
7800.000000 1.000000
7815.000000 1.000000
7830.000000 1.000000
7845.000000 1.000000
7860.000000 1.000000
7875.000000 1.000000
7890.000000 1.000000
7905.000000 1.000000
7920.000000 1.000000
7935.000000 1.000000
7950.000000 1.000000
7965.000000 1.000000
7980.000000 1.000000
7995.000000 1.000000
8010.000000 1.000000
8025.000000 1.000000
8040.000000 1.000000
8055.000000 1.000000
8070.000000 1.000000
8085.000000 1.000000
8100.000000 1.000000
8115.000000 1.000000
8130.000000 1.000000
8145.000000 1.000000
8160.000000 1.000000
8175.000000 1.000000
8190.000000 1.000000
8205.000000 1.000000
8220.000000 1.000000
8235.000000 1.000000
8250.000000 1.000000
8265.000000 1.000000
8280.000000 1.000000
8295.000000 1.000000
8310.000000 1.000000
8325.000000 1.000000
8340.000000 1.000000
8355.000000 1.000000
8370.000000 1.000000
8385.000000 1.000000
8400.000000 1.000000
8415.000000 1.000000
8430.000000 1.000000
8445.000000 1.000000
8460.000000 1.000000
8475.000000 1.000000
8490.000000 1.000000
8505.000000 1.000000
8520.000000 1.000000
8535.000000 1.000000
8550.000000 1.000000
8565.000000 1.000000
8580.000000 1.000000
8595.000000 1.000000
8610.000000 1.000000
8625.000000 1.000000
8640.000000 1.000000
8655.000000 1.000000
8670.000000 1.000000
8685.000000 1.000000
8700.000000 1.000000
8715.000000 1.000000
8730.000000 1.000000
8745.000000 1.000000
8760.000000 1.000000
8775.000000 1.000000
8790.000000 1.000000
8805.000000 1.000000
8820.000000 1.000000
8835.000000 1.000000
8850.000000 1.000000
8865.000000 1.000000
8880.000000 1.000000
8895.000000 1.000000
8910.000000 1.000000
8925.000000 1.000000
8940.000000 1.000000
8955.000000 1.000000
8970.000000 1.000000
8985.000000 1.000000
9000.000000 1.000000
9015.000000 1.000000
9030.000000 1.000000
9045.000000 1.000000
9060.000000 1.000000
9075.000000 1.000000
9090.000000 1.000000
9105.000000 1.000000
9120.000000 1.000000
9135.000000 1.000000
9150.000000 1.000000
9165.000000 1.000000
9180.000000 1.000000
9195.000000 1.000000
9210.000000 1.000000
9225.000000 1.000000
9240.000000 1.000000
9255.000000 1.000000
9270.000000 1.000000
9285.000000 1.000000
9300.000000 1.000000
9315.000000 1.000000
9330.000000 1.000000
9345.000000 1.000000
9360.000000 1.000000
9375.000000 1.000000
9390.000000 1.000000
9405.000000 1.000000
9420.000000 1.000000
9435.000000 1.000000
9450.000000 1.000000
9465.000000 1.000000
9480.000000 1.000000
9495.000000 1.000000
9510.000000 1.000000
9525.000000 1.000000
9540.000000 1.000000
9555.000000 1.000000
9570.000000 1.000000
9585.000000 1.000000
9600.000000 1.000000
9615.000000 1.000000
9630.000000 1.000000
9645.000000 1.000000
9660.000000 1.000000
9675.000000 1.000000
9690.000000 1.000000
9705.000000 1.000000
9720.000000 1.000000
9735.000000 1.000000
9750.000000 1.000000
9765.000000 1.000000
9780.000000 1.000000
9795.000000 1.000000
9810.000000 1.000000
9825.000000 1.000000
9840.000000 1.000000
9855.000000 1.000000
9870.000000 1.000000
9885.000000 1.000000
9900.000000 1.000000
9915.000000 1.000000
9930.000000 1.000000
9945.000000 1.000000
9960.000000 1.000000
9975.000000 1.000000
9990.000000 1.000000
10005.000000 1.000000
10020.000000 1.000000
10035.000000 1.000000
10050.000000 1.000000
10065.000000 1.000000
10080.000000 1.000000
10095.000000 1.000000
10110.000000 1.000000
10125.000000 1.000000
10140.000000 1.000000
10155.000000 1.000000
10170.000000 1.000000
10185.000000 1.000000
10200.000000 1.000000
10215.000000 1.000000
10230.000000 1.000000
10245.000000 1.000000
10260.000000 1.000000
10275.000000 1.000000
10290.000000 1.000000
10305.000000 1.000000
10320.000000 1.000000
10335.000000 1.000000
10350.000000 1.000000
10365.000000 1.000000
10380.000000 1.000000
10395.000000 1.000000
10410.000000 1.000000
10425.000000 1.000000
10440.000000 1.000000
10455.000000 1.000000
10470.000000 1.000000
10485.000000 1.000000
10500.000000 1.000000
10515.000000 1.000000
10530.000000 1.000000
10545.000000 1.000000
10560.000000 1.000000
10575.000000 1.000000
10590.000000 1.000000
10605.000000 1.000000
10620.000000 1.000000
10635.000000 1.000000
10650.000000 1.000000
10665.000000 1.000000
10680.000000 1.000000
10695.000000 1.000000
10710.000000 1.000000
10725.000000 1.000000
10740.000000 1.000000
10755.000000 1.000000
10770.000000 1.000000
10785.000000 1.000000
10800.000000 1.000000
10815.000000 1.000000
10830.000000 1.000000
10845.000000 1.000000
10860.000000 1.000000
10875.000000 1.000000
10890.000000 1.000000
10905.000000 1.000000
10920.000000 1.000000
10935.000000 1.000000
10950.000000 1.000000
10965.000000 1.000000
10980.000000 1.000000
10995.000000 1.000000
11010.000000 1.000000
11025.000000 1.000000
11040.000000 1.000000
11055.000000 1.000000
11070.000000 1.000000
11085.000000 1.000000
11100.000000 1.000000
11115.000000 1.000000
11130.000000 1.000000
11145.000000 1.000000
11160.000000 1.000000
11175.000000 1.000000
11190.000000 1.000000
11205.000000 1.000000
11220.000000 1.000000
11235.000000 1.000000
11250.000000 1.000000
11265.000000 1.000000
11280.000000 1.000000
11295.000000 1.000000
11310.000000 1.000000
11325.000000 1.000000
11340.000000 1.000000
11355.000000 1.000000
11370.000000 1.000000
11385.000000 1.000000
11400.000000 1.000000
11415.000000 1.000000
11430.000000 1.000000
11445.000000 1.000000
11460.000000 1.000000
11475.000000 1.000000
11490.000000 1.000000
11505.000000 1.000000
11520.000000 1.000000
11535.000000 1.000000
11550.000000 1.000000
11565.000000 1.000000
11580.000000 1.000000
11595.000000 1.000000
11610.000000 1.000000
11625.000000 1.000000
11640.000000 1.000000
11655.000000 1.000000
11670.000000 1.000000
11685.000000 1.000000
11700.000000 1.000000
11715.000000 1.000000
11730.000000 1.000000
11745.000000 1.000000
11760.000000 1.000000
11775.000000 1.000000
11790.000000 1.000000
11805.000000 1.000000
11820.000000 1.000000
11835.000000 1.000000
11850.000000 1.000000
11865.000000 1.000000
11880.000000 1.000000
11895.000000 1.000000
11910.000000 1.000000
11925.000000 1.000000
11940.000000 1.000000
11955.000000 1.000000
11970.000000 1.000000
11985.000000 1.000000
12000.000000 1.000000
12015.000000 1.000000
12030.000000 1.000000
12045.000000 1.000000
12060.000000 1.000000
12075.000000 1.000000
12090.000000 1.000000
12105.000000 1.000000
12120.000000 1.000000
12135.000000 1.000000
12150.000000 1.000000
12165.000000 1.000000
12180.000000 1.000000
12195.000000 1.000000
12210.000000 1.000000
12225.000000 1.000000
12240.000000 1.000000
12255.000000 1.000000
12270.000000 1.000000
12285.000000 1.000000
12300.000000 1.000000
12315.000000 1.000000
12330.000000 1.000000
12345.000000 1.000000
12360.000000 1.000000
12375.000000 1.000000
12390.000000 1.000000
12405.000000 1.000000
12420.000000 1.000000
12435.000000 1.000000
12450.000000 1.000000
12465.000000 1.000000
12480.000000 1.000000
12495.000000 1.000000
12510.000000 1.000000
12525.000000 1.000000
12540.000000 1.000000
12555.000000 1.000000
12570.000000 1.000000
12585.000000 1.000000
12600.000000 1.000000
12615.000000 1.000000
12630.000000 1.000000
12645.000000 1.000000
12660.000000 1.000000
12675.000000 1.000000
12690.000000 1.000000
12705.000000 1.000000
12720.000000 1.000000
12735.000000 1.000000
12750.000000 1.000000
12765.000000 1.000000
12780.000000 1.000000
12795.000000 1.000000
12810.000000 1.000000
12825.000000 1.000000
12840.000000 1.000000
12855.000000 1.000000
12870.000000 1.000000
12885.000000 1.000000
12900.000000 1.000000
12915.000000 1.000000
12930.000000 1.000000
12945.000000 1.000000
12960.000000 1.000000
12975.000000 1.000000
12990.000000 1.000000
13005.000000 1.000000
13020.000000 1.000000
13035.000000 1.000000
13050.000000 1.000000
13065.000000 1.000000
13080.000000 1.000000
13095.000000 1.000000
13110.000000 1.000000
13125.000000 1.000000
13140.000000 1.000000
13155.000000 1.000000
13170.000000 1.000000
13185.000000 1.000000
13200.000000 1.000000
13215.000000 1.000000
13230.000000 1.000000
13245.000000 1.000000
13260.000000 1.000000
13275.000000 1.000000
13290.000000 1.000000
13305.000000 1.000000
13320.000000 1.000000
13335.000000 1.000000
13350.000000 1.000000
13365.000000 1.000000
13380.000000 1.000000
13395.000000 1.000000
13410.000000 1.000000
13425.000000 1.000000
13440.000000 1.000000
13455.000000 1.000000
13470.000000 1.000000
13485.000000 1.000000
13500.000000 1.000000
13515.000000 1.000000
13530.000000 1.000000
13545.000000 1.000000
13560.000000 1.000000
13575.000000 1.000000
13590.000000 1.000000
13605.000000 1.000000
13620.000000 1.000000
13635.000000 1.000000
13650.000000 1.000000
13665.000000 1.000000
13680.000000 1.000000
13695.000000 1.000000
13710.000000 1.000000
13725.000000 1.000000
13740.000000 1.000000
13755.000000 1.000000
13770.000000 1.000000
13785.000000 1.000000
13800.000000 1.000000
13815.000000 1.000000
13830.000000 1.000000
13845.000000 1.000000
13860.000000 1.000000
13875.000000 1.000000
13890.000000 1.000000
13905.000000 1.000000
13920.000000 1.000000
13935.000000 1.000000
13950.000000 1.000000
13965.000000 1.000000
13980.000000 1.000000
13995.000000 1.000000
14010.000000 1.000000
14025.000000 1.000000
14040.000000 1.000000
14055.000000 1.000000
14070.000000 1.000000
14085.000000 1.000000
14100.000000 1.000000
14115.000000 1.000000
14130.000000 1.000000
14145.000000 1.000000
14160.000000 1.000000
14175.000000 1.000000
14190.000000 1.000000
14205.000000 1.000000
14220.000000 1.000000
14235.000000 1.000000
14250.000000 1.000000
14265.000000 1.000000
14280.000000 1.000000
14295.000000 1.000000
14310.000000 1.000000
14325.000000 1.000000
14340.000000 1.000000
14355.000000 1.000000
14370.000000 1.000000
14385.000000 1.000000
14400.000000 1.000000
14415.000000 1.000000
14430.000000 1.000000
14445.000000 1.000000
14460.000000 1.000000
14475.000000 1.000000
14490.000000 1.000000
14505.000000 1.000000
14520.000000 1.000000
14535.000000 1.000000
14550.000000 1.000000
14565.000000 1.000000
14580.000000 1.000000
14595.000000 1.000000
14610.000000 1.000000
14625.000000 1.000000
14640.000000 1.000000
14655.000000 1.000000
14670.000000 1.000000
14685.000000 1.000000
14700.000000 1.000000
14715.000000 1.000000
14730.000000 1.000000
14745.000000 1.000000
14760.000000 1.000000
14775.000000 1.000000
14790.000000 1.000000
14805.000000 1.000000
14820.000000 1.000000
14835.000000 1.000000
14850.000000 1.000000
14865.000000 1.000000
14880.000000 1.000000
14895.000000 1.000000
14910.000000 1.000000
14925.000000 1.000000
14940.000000 1.000000
14955.000000 1.000000
14970.000000 1.000000
14985.000000 1.000000
15000.000000 1.000000
15015.000000 1.000000
15030.000000 1.000000
15045.000000 1.000000
15060.000000 1.000000
15075.000000 1.000000
15090.000000 1.000000
15105.000000 1.000000
15120.000000 1.000000
15135.000000 1.000000
15150.000000 1.000000
15165.000000 1.000000
15180.000000 1.000000
15195.000000 1.000000
15210.000000 1.000000
15225.000000 1.000000
15240.000000 1.000000
15255.000000 1.000000
15270.000000 1.000000
15285.000000 1.000000
15300.000000 1.000000
15315.000000 1.000000
15330.000000 1.000000
15345.000000 1.000000
15360.000000 1.000000
15375.000000 1.000000
15390.000000 1.000000
15405.000000 1.000000
15420.000000 1.000000
15435.000000 1.000000
15450.000000 1.000000
15465.000000 1.000000
15480.000000 1.000000
15495.000000 1.000000
15510.000000 1.000000
15525.000000 1.000000
15540.000000 1.000000
15555.000000 1.000000
15570.000000 1.000000
15585.000000 1.000000
15600.000000 1.000000
15615.000000 1.000000
15630.000000 1.000000
15645.000000 1.000000
15660.000000 1.000000
15675.000000 1.000000
15690.000000 1.000000
15705.000000 1.000000
15720.000000 1.000000
15735.000000 1.000000
15750.000000 1.000000
15765.000000 1.000000
15780.000000 1.000000
15795.000000 1.000000
15810.000000 1.000000
15825.000000 1.000000
15840.000000 1.000000
15855.000000 1.000000
15870.000000 1.000000
15885.000000 1.000000
15900.000000 1.000000
15915.000000 1.000000
15930.000000 1.000000
15945.000000 1.000000
15960.000000 1.000000
15975.000000 1.000000
15990.000000 1.000000
16005.000000 1.000000
16020.000000 1.000000
16035.000000 1.000000
16050.000000 1.000000
16065.000000 1.000000
16080.000000 1.000000
16095.000000 1.000000
16110.000000 1.000000
16125.000000 1.000000
16140.000000 1.000000
16155.000000 1.000000
16170.000000 1.000000
16185.000000 1.000000
16200.000000 1.000000
16215.000000 1.000000
16230.000000 1.000000
16245.000000 1.000000
16260.000000 1.000000
16275.000000 1.000000
16290.000000 1.000000
16305.000000 1.000000
16320.000000 1.000000
16335.000000 1.000000
16350.000000 1.000000
16365.000000 1.000000
16380.000000 1.000000
16395.000000 1.000000
16410.000000 1.000000
16425.000000 1.000000
16440.000000 1.000000
16455.000000 1.000000
16470.000000 1.000000
16485.000000 1.000000
16500.000000 1.000000
16515.000000 1.000000
16530.000000 1.000000
16545.000000 1.000000
16560.000000 1.000000
16575.000000 1.000000
16590.000000 1.000000
16605.000000 1.000000
16620.000000 1.000000
16635.000000 1.000000
16650.000000 1.000000
16665.000000 1.000000
16680.000000 1.000000
16695.000000 1.000000
16710.000000 1.000000
16725.000000 1.000000
16740.000000 1.000000
16755.000000 1.000000
16770.000000 1.000000
16785.000000 1.000000
16800.000000 1.000000
16815.000000 1.000000
16830.000000 1.000000
16845.000000 1.000000
16860.000000 1.000000
16875.000000 1.000000
16890.000000 1.000000
16905.000000 1.000000
16920.000000 1.000000
16935.000000 1.000000
16950.000000 1.000000
16965.000000 1.000000
16980.000000 1.000000
16995.000000 1.000000
17010.000000 1.000000
17025.000000 1.000000
17040.000000 1.000000
17055.000000 1.000000
17070.000000 1.000000
17085.000000 1.000000
17100.000000 1.000000
17115.000000 1.000000
17130.000000 1.000000
17145.000000 1.000000
17160.000000 1.000000
17175.000000 1.000000
17190.000000 1.000000
17205.000000 1.000000
17220.000000 1.000000
17235.000000 1.000000
17250.000000 1.000000
17265.000000 1.000000
17280.000000 1.000000
17295.000000 1.000000
17310.000000 1.000000
17325.000000 1.000000
17340.000000 1.000000
17355.000000 1.000000
17370.000000 1.000000
17385.000000 1.000000
17400.000000 1.000000
17415.000000 1.000000
17430.000000 1.000000
17445.000000 1.000000
17460.000000 1.000000
17475.000000 1.000000
17490.000000 1.000000
17505.000000 1.000000
17520.000000 1.000000
17535.000000 1.000000
17550.000000 1.000000
17565.000000 1.000000
17580.000000 1.000000
17595.000000 1.000000
17610.000000 1.000000
17625.000000 1.000000
17640.000000 1.000000
17655.000000 1.000000
17670.000000 1.000000
17685.000000 1.000000
17700.000000 1.000000
17715.000000 1.000000
17730.000000 1.000000
17745.000000 1.000000
17760.000000 1.000000
17775.000000 1.000000
17790.000000 1.000000
17805.000000 1.000000
17820.000000 1.000000
17835.000000 1.000000
17850.000000 1.000000
17865.000000 1.000000
17880.000000 1.000000
17895.000000 1.000000
17910.000000 1.000000
17925.000000 1.000000
17940.000000 1.000000
17955.000000 1.000000
17970.000000 1.000000
17985.000000 1.000000
18000.000000 1.000000
18015.000000 1.000000
18030.000000 1.000000
18045.000000 1.000000
18060.000000 1.000000
18075.000000 1.000000
18090.000000 1.000000
18105.000000 1.000000
18120.000000 1.000000
18135.000000 1.000000
18150.000000 1.000000
18165.000000 1.000000
18180.000000 1.000000
18195.000000 1.000000
18210.000000 1.000000
18225.000000 1.000000
18240.000000 1.000000
18255.000000 1.000000
18270.000000 1.000000
18285.000000 1.000000
18300.000000 1.000000
18315.000000 1.000000
18330.000000 1.000000
18345.000000 1.000000
18360.000000 1.000000
18375.000000 1.000000
18390.000000 1.000000
18405.000000 1.000000
18420.000000 1.000000
18435.000000 1.000000
18450.000000 1.000000
18465.000000 1.000000
18480.000000 1.000000
18495.000000 1.000000
18510.000000 1.000000
18525.000000 1.000000
18540.000000 1.000000
18555.000000 1.000000
18570.000000 1.000000
18585.000000 1.000000
18600.000000 1.000000
18615.000000 1.000000
18630.000000 1.000000
18645.000000 1.000000
18660.000000 1.000000
18675.000000 1.000000
18690.000000 1.000000
18705.000000 1.000000
18720.000000 1.000000
18735.000000 1.000000
18750.000000 1.000000
18765.000000 1.000000
18780.000000 1.000000
18795.000000 1.000000
18810.000000 1.000000
18825.000000 1.000000
18840.000000 1.000000
18855.000000 1.000000
18870.000000 1.000000
18885.000000 1.000000
18900.000000 1.000000
18915.000000 1.000000
18930.000000 1.000000
18945.000000 1.000000
18960.000000 1.000000
18975.000000 1.000000
18990.000000 1.000000
19005.000000 1.000000
19020.000000 1.000000
19035.000000 1.000000
19050.000000 1.000000
19065.000000 1.000000
19080.000000 1.000000
19095.000000 1.000000
19110.000000 1.000000
19125.000000 1.000000
19140.000000 1.000000
19155.000000 1.000000
19170.000000 1.000000
19185.000000 1.000000
19200.000000 1.000000
19215.000000 1.000000
19230.000000 1.000000
19245.000000 1.000000
19260.000000 1.000000
19275.000000 1.000000
19290.000000 1.000000
19305.000000 1.000000
19320.000000 1.000000
19335.000000 1.000000
19350.000000 1.000000
19365.000000 1.000000
19380.000000 1.000000
19395.000000 1.000000
19410.000000 1.000000
19425.000000 1.000000
19440.000000 1.000000
19455.000000 1.000000
19470.000000 1.000000
19485.000000 1.000000
19500.000000 1.000000
19515.000000 1.000000
19530.000000 1.000000
19545.000000 1.000000
19560.000000 1.000000
19575.000000 1.000000
19590.000000 1.000000
19605.000000 1.000000
19620.000000 1.000000
19635.000000 1.000000
19650.000000 1.000000
19665.000000 1.000000
19680.000000 1.000000
19695.000000 1.000000
19710.000000 1.000000
19725.000000 1.000000
19740.000000 1.000000
19755.000000 1.000000
19770.000000 1.000000
19785.000000 1.000000
19800.000000 1.000000
19815.000000 1.000000
19830.000000 1.000000
19845.000000 1.000000
19860.000000 1.000000
19875.000000 1.000000
19890.000000 1.000000
19905.000000 1.000000
19920.000000 1.000000
19935.000000 1.000000
19950.000000 1.000000
19965.000000 1.000000
19980.000000 1.000000
19995.000000 1.000000
20010.000000 1.000000
20025.000000 1.000000
20040.000000 1.000000
20055.000000 1.000000
20070.000000 1.000000
20085.000000 1.000000
20100.000000 1.000000
20115.000000 1.000000
20130.000000 1.000000
20145.000000 1.000000
20160.000000 1.000000
20175.000000 1.000000
20190.000000 1.000000
20205.000000 1.000000
20220.000000 1.000000
20235.000000 1.000000
20250.000000 1.000000
20265.000000 1.000000
20280.000000 1.000000
20295.000000 1.000000
20310.000000 1.000000
20325.000000 1.000000
20340.000000 1.000000
20355.000000 1.000000
20370.000000 1.000000
20385.000000 1.000000
20400.000000 1.000000
20415.000000 1.000000
20430.000000 1.000000
20445.000000 1.000000
20460.000000 1.000000
20475.000000 1.000000
20490.000000 1.000000
20505.000000 1.000000
20520.000000 1.000000
20535.000000 1.000000
20550.000000 1.000000
20565.000000 1.000000
20580.000000 1.000000
20595.000000 1.000000
20610.000000 1.000000
20625.000000 1.000000
20640.000000 1.000000
20655.000000 1.000000
20670.000000 1.000000
20685.000000 1.000000
20700.000000 1.000000
20715.000000 1.000000
20730.000000 1.000000
20745.000000 1.000000
20760.000000 1.000000
20775.000000 1.000000
20790.000000 1.000000
20805.000000 1.000000
20820.000000 1.000000
20835.000000 1.000000
20850.000000 1.000000
20865.000000 1.000000
20880.000000 1.000000
20895.000000 1.000000
20910.000000 1.000000
20925.000000 1.000000
20940.000000 1.000000
20955.000000 1.000000
20970.000000 1.000000
20985.000000 1.000000
21000.000000 1.000000
21015.000000 1.000000
21030.000000 1.000000
21045.000000 1.000000
21060.000000 1.000000
21075.000000 1.000000
21090.000000 1.000000
21105.000000 1.000000
21120.000000 1.000000
21135.000000 1.000000
21150.000000 1.000000
21165.000000 1.000000
21180.000000 1.000000
21195.000000 1.000000
21210.000000 1.000000
21225.000000 1.000000
21240.000000 1.000000
21255.000000 1.000000
21270.000000 1.000000
21285.000000 1.000000
21300.000000 1.000000
21315.000000 1.000000
21330.000000 1.000000
21345.000000 1.000000
21360.000000 1.000000
21375.000000 1.000000
21390.000000 1.000000
21405.000000 1.000000
21420.000000 1.000000
21435.000000 1.000000
21450.000000 1.000000
21465.000000 1.000000
21480.000000 1.000000
21495.000000 1.000000
21510.000000 1.000000
21525.000000 1.000000
21540.000000 1.000000
21555.000000 1.000000
21570.000000 1.000000
21585.000000 1.000000
21600.000000 1.000000
21615.000000 1.000000
21630.000000 1.000000
21645.000000 1.000000
21660.000000 1.000000
21675.000000 1.000000
21690.000000 1.000000
21705.000000 1.000000
21720.000000 1.000000
21735.000000 1.000000
21750.000000 1.000000
21765.000000 1.000000
21780.000000 1.000000
21795.000000 1.000000
21810.000000 1.000000
21825.000000 1.000000
21840.000000 1.000000
21855.000000 1.000000
21870.000000 1.000000
21885.000000 1.000000
21900.000000 1.000000
21915.000000 1.000000
21930.000000 1.000000
21945.000000 1.000000
21960.000000 1.000000
21975.000000 1.000000
21990.000000 1.000000
22005.000000 1.000000
22020.000000 1.000000
22035.000000 1.000000
22050.000000 1.000000
22065.000000 1.000000
22080.000000 1.000000
22095.000000 1.000000
22110.000000 1.000000
22125.000000 1.000000
22140.000000 1.000000
22155.000000 1.000000
22170.000000 1.000000
22185.000000 1.000000
22200.000000 1.000000
22215.000000 1.000000
22230.000000 1.000000
22245.000000 1.000000
22260.000000 1.000000
22275.000000 1.000000
22290.000000 1.000000
22305.000000 1.000000
22320.000000 1.000000
22335.000000 1.000000
22350.000000 1.000000
22365.000000 1.000000
22380.000000 1.000000
22395.000000 1.000000
22410.000000 1.000000
22425.000000 1.000000
22440.000000 1.000000
22455.000000 1.000000
22470.000000 1.000000
22485.000000 1.000000
22500.000000 1.000000
22515.000000 1.000000
22530.000000 1.000000
22545.000000 1.000000
22560.000000 1.000000
22575.000000 1.000000
22590.000000 1.000000
22605.000000 1.000000
22620.000000 1.000000
22635.000000 1.000000
22650.000000 1.000000
22665.000000 1.000000
22680.000000 1.000000
22695.000000 1.000000
22710.000000 1.000000
22725.000000 1.000000
22740.000000 1.000000
22755.000000 1.000000
22770.000000 1.000000
22785.000000 1.000000
22800.000000 1.000000
22815.000000 1.000000
22830.000000 1.000000
22845.000000 1.000000
22860.000000 1.000000
22875.000000 1.000000
22890.000000 1.000000
22905.000000 1.000000
22920.000000 1.000000
22935.000000 1.000000
22950.000000 1.000000
22965.000000 1.000000
22980.000000 1.000000
22995.000000 1.000000
23010.000000 1.000000
23025.000000 1.000000
23040.000000 1.000000
23055.000000 1.000000
23070.000000 1.000000
23085.000000 1.000000
23100.000000 1.000000
23115.000000 1.000000
23130.000000 1.000000
23145.000000 1.000000
23160.000000 1.000000
23175.000000 1.000000
23190.000000 1.000000
23205.000000 1.000000
23220.000000 1.000000
23235.000000 1.000000
23250.000000 1.000000
23265.000000 1.000000
23280.000000 1.000000
23295.000000 1.000000
23310.000000 1.000000
23325.000000 1.000000
23340.000000 1.000000
23355.000000 1.000000
23370.000000 1.000000
23385.000000 1.000000
23400.000000 1.000000
23415.000000 1.000000
23430.000000 1.000000
23445.000000 1.000000
23460.000000 1.000000
23475.000000 1.000000
23490.000000 1.000000
23505.000000 1.000000
23520.000000 1.000000
23535.000000 1.000000
23550.000000 1.000000
23565.000000 1.000000
23580.000000 1.000000
23595.000000 1.000000
23610.000000 1.000000
23625.000000 1.000000
23640.000000 1.000000
23655.000000 1.000000
23670.000000 1.000000
23685.000000 1.000000
23700.000000 1.000000
23715.000000 1.000000
23730.000000 1.000000
23745.000000 1.000000
23760.000000 1.000000
23775.000000 1.000000
23790.000000 1.000000
23805.000000 1.000000
23820.000000 1.000000
23835.000000 1.000000
23850.000000 1.000000
23865.000000 1.000000
23880.000000 1.000000
23895.000000 1.000000
23910.000000 1.000000
23925.000000 1.000000
23940.000000 1.000000
23955.000000 1.000000
23970.000000 1.000000
23985.000000 1.000000
24000.000000 1.000000
24015.000000 1.000000
24030.000000 1.000000
24045.000000 1.000000
24060.000000 1.000000
24075.000000 1.000000
24090.000000 1.000000
24105.000000 1.000000
24120.000000 1.000000
24135.000000 1.000000
24150.000000 1.000000
24165.000000 1.000000
24180.000000 1.000000
24195.000000 1.000000
24210.000000 1.000000
24225.000000 1.000000
24240.000000 1.000000
24255.000000 1.000000
24270.000000 1.000000
24285.000000 1.000000
24300.000000 1.000000
24315.000000 1.000000
24330.000000 1.000000
24345.000000 1.000000
24360.000000 1.000000
24375.000000 1.000000
24390.000000 1.000000
24405.000000 1.000000
24420.000000 1.000000
24435.000000 1.000000
24450.000000 1.000000
24465.000000 1.000000
24480.000000 1.000000
24495.000000 1.000000
24510.000000 1.000000
24525.000000 1.000000
24540.000000 1.000000
24555.000000 1.000000
24570.000000 1.000000
24585.000000 1.000000
24600.000000 1.000000
24615.000000 1.000000
24630.000000 1.000000
24645.000000 1.000000
24660.000000 1.000000
24675.000000 1.000000
24690.000000 1.000000
24705.000000 1.000000
24720.000000 1.000000
24735.000000 1.000000
24750.000000 1.000000
24765.000000 1.000000
24780.000000 1.000000
24795.000000 1.000000
24810.000000 1.000000
24825.000000 1.000000
24840.000000 1.000000
24855.000000 1.000000
24870.000000 1.000000
24885.000000 1.000000
24900.000000 1.000000
24915.000000 1.000000
24930.000000 1.000000
24945.000000 1.000000
24960.000000 1.000000
24975.000000 1.000000
24990.000000 1.000000
25005.000000 1.000000
25020.000000 1.000000
25035.000000 1.000000
25050.000000 1.000000
25065.000000 1.000000
25080.000000 1.000000
25095.000000 1.000000
25110.000000 1.000000
25125.000000 1.000000
25140.000000 1.000000
25155.000000 1.000000
25170.000000 1.000000
25185.000000 1.000000
25200.000000 1.000000
25215.000000 1.000000
25230.000000 1.000000
25245.000000 1.000000
25260.000000 1.000000
25275.000000 1.000000
25290.000000 1.000000
25305.000000 1.000000
25320.000000 1.000000
25335.000000 1.000000
25350.000000 1.000000
25365.000000 1.000000
25380.000000 1.000000
25395.000000 1.000000
25410.000000 1.000000
25425.000000 1.000000
25440.000000 1.000000
25455.000000 1.000000
25470.000000 1.000000
25485.000000 1.000000
25500.000000 1.000000
25515.000000 1.000000
25530.000000 1.000000
25545.000000 1.000000
25560.000000 1.000000
25575.000000 1.000000
25590.000000 1.000000
25605.000000 1.000000
25620.000000 1.000000
25635.000000 1.000000
25650.000000 1.000000
25665.000000 1.000000
25680.000000 1.000000
25695.000000 1.000000
25710.000000 1.000000
25725.000000 1.000000
25740.000000 1.000000
25755.000000 1.000000
25770.000000 1.000000
25785.000000 1.000000
25800.000000 1.000000
25815.000000 1.000000
25830.000000 1.000000
25845.000000 1.000000
25860.000000 1.000000
25875.000000 1.000000
25890.000000 1.000000
25905.000000 1.000000
25920.000000 1.000000
25935.000000 1.000000
25950.000000 1.000000
25965.000000 1.000000
25980.000000 1.000000
25995.000000 1.000000
26010.000000 1.000000
26025.000000 1.000000
26040.000000 1.000000
26055.000000 1.000000
26070.000000 1.000000
26085.000000 1.000000
26100.000000 1.000000
26115.000000 1.000000
26130.000000 1.000000
26145.000000 1.000000
26160.000000 1.000000
26175.000000 1.000000
26190.000000 1.000000
26205.000000 1.000000
26220.000000 1.000000
26235.000000 1.000000
26250.000000 1.000000
26265.000000 1.000000
26280.000000 1.000000
26295.000000 1.000000
26310.000000 1.000000
26325.000000 1.000000
26340.000000 1.000000
26355.000000 1.000000
26370.000000 1.000000
26385.000000 1.000000
26400.000000 1.000000
26415.000000 1.000000
26430.000000 1.000000
26445.000000 1.000000
26460.000000 1.000000
26475.000000 1.000000
26490.000000 1.000000
26505.000000 1.000000
26520.000000 1.000000
26535.000000 1.000000
26550.000000 1.000000
26565.000000 1.000000
26580.000000 1.000000
26595.000000 1.000000
26610.000000 1.000000
26625.000000 1.000000
26640.000000 1.000000
26655.000000 1.000000
26670.000000 1.000000
26685.000000 1.000000
26700.000000 1.000000
26715.000000 1.000000
26730.000000 1.000000
26745.000000 1.000000
26760.000000 1.000000
26775.000000 1.000000
26790.000000 1.000000
26805.000000 1.000000
26820.000000 1.000000
26835.000000 1.000000
26850.000000 1.000000
26865.000000 1.000000
26880.000000 1.000000
26895.000000 1.000000
26910.000000 1.000000
26925.000000 1.000000
26940.000000 1.000000
26955.000000 1.000000
26970.000000 1.000000
26985.000000 1.000000
27000.000000 1.000000
27015.000000 1.000000
27030.000000 1.000000
27045.000000 1.000000
27060.000000 1.000000
27075.000000 1.000000
27090.000000 1.000000
27105.000000 1.000000
27120.000000 1.000000
27135.000000 1.000000
27150.000000 1.000000
27165.000000 1.000000
27180.000000 1.000000
27195.000000 1.000000
27210.000000 1.000000
27225.000000 1.000000
27240.000000 1.000000
27255.000000 1.000000
27270.000000 1.000000
27285.000000 1.000000
27300.000000 1.000000
27315.000000 1.000000
27330.000000 1.000000
27345.000000 1.000000
27360.000000 1.000000
27375.000000 1.000000
27390.000000 1.000000
27405.000000 1.000000
27420.000000 1.000000
27435.000000 1.000000
27450.000000 1.000000
27465.000000 1.000000
27480.000000 1.000000
27495.000000 1.000000
27510.000000 1.000000
27525.000000 1.000000
27540.000000 1.000000
27555.000000 1.000000
27570.000000 1.000000
27585.000000 1.000000
27600.000000 1.000000
27615.000000 1.000000
27630.000000 1.000000
27645.000000 1.000000
27660.000000 1.000000
27675.000000 1.000000
27690.000000 1.000000
27705.000000 1.000000
27720.000000 1.000000
27735.000000 1.000000
27750.000000 1.000000
27765.000000 1.000000
27780.000000 1.000000
27795.000000 1.000000
27810.000000 1.000000
27825.000000 1.000000
27840.000000 1.000000
27855.000000 1.000000
27870.000000 1.000000
27885.000000 1.000000
27900.000000 1.000000
27915.000000 1.000000
27930.000000 1.000000
27945.000000 1.000000
27960.000000 1.000000
27975.000000 1.000000
27990.000000 1.000000
28005.000000 1.000000
28020.000000 1.000000
28035.000000 1.000000
28050.000000 1.000000
28065.000000 1.000000
28080.000000 1.000000
28095.000000 1.000000
28110.000000 1.000000
28125.000000 1.000000
28140.000000 1.000000
28155.000000 1.000000
28170.000000 1.000000
28185.000000 1.000000
28200.000000 1.000000
28215.000000 1.000000
28230.000000 1.000000
28245.000000 1.000000
28260.000000 1.000000
28275.000000 1.000000
28290.000000 1.000000
28305.000000 1.000000
28320.000000 1.000000
28335.000000 1.000000
28350.000000 1.000000
28365.000000 1.000000
28380.000000 1.000000
28395.000000 1.000000
28410.000000 1.000000
28425.000000 1.000000
28440.000000 1.000000
28455.000000 1.000000
28470.000000 1.000000
28485.000000 1.000000
28500.000000 1.000000
28515.000000 1.000000
28530.000000 1.000000
28545.000000 1.000000
28560.000000 1.000000
28575.000000 1.000000
28590.000000 1.000000
28605.000000 1.000000
28620.000000 1.000000
28635.000000 1.000000
28650.000000 1.000000
28665.000000 1.000000
28680.000000 1.000000
28695.000000 1.000000
28710.000000 1.000000
28725.000000 1.000000
28740.000000 1.000000
28755.000000 1.000000
28770.000000 1.000000
28785.000000 1.000000
28800.000000 1.000000
28815.000000 1.000000
28830.000000 1.000000
28845.000000 1.000000
28860.000000 1.000000
28875.000000 1.000000
28890.000000 1.000000
28905.000000 1.000000
28920.000000 1.000000
28935.000000 1.000000
28950.000000 1.000000
28965.000000 1.000000
28980.000000 1.000000
28995.000000 1.000000
29010.000000 1.000000
29025.000000 1.000000
29040.000000 1.000000
29055.000000 1.000000
29070.000000 1.000000
29085.000000 1.000000
29100.000000 1.000000
29115.000000 1.000000
29130.000000 1.000000
29145.000000 1.000000
29160.000000 1.000000
29175.000000 1.000000
29190.000000 1.000000
29205.000000 1.000000
29220.000000 1.000000
29235.000000 1.000000
29250.000000 1.000000
29265.000000 1.000000
29280.000000 1.000000
29295.000000 1.000000
29310.000000 1.000000
29325.000000 1.000000
29340.000000 1.000000
29355.000000 1.000000
29370.000000 1.000000
29385.000000 1.000000
29400.000000 1.000000
29415.000000 1.000000
29430.000000 1.000000
29445.000000 1.000000
29460.000000 1.000000
29475.000000 1.000000
29490.000000 1.000000
29505.000000 1.000000
29520.000000 1.000000
29535.000000 1.000000
29550.000000 1.000000
29565.000000 1.000000
29580.000000 1.000000
29595.000000 1.000000
29610.000000 1.000000
29625.000000 1.000000
29640.000000 1.000000
29655.000000 1.000000
29670.000000 1.000000
29685.000000 1.000000
29700.000000 1.000000
29715.000000 1.000000
29730.000000 1.000000
29745.000000 1.000000
29760.000000 1.000000
29775.000000 1.000000
29790.000000 1.000000
29805.000000 1.000000
29820.000000 1.000000
29835.000000 1.000000
29850.000000 1.000000
29865.000000 1.000000
29880.000000 1.000000
29895.000000 1.000000
29910.000000 1.000000
29925.000000 1.000000
29940.000000 1.000000
29955.000000 1.000000
29970.000000 1.000000
29985.000000 1.000000
30000.000000 1.000000
